2018年12月24日 	2,646.07 	2,624.81 	2,648.63 	2,618.65 	97.20K 	0.43%
2018年12月21日 	2,634.80 	2,645.53 	2,646.45 	2,616.36 	11.55B 	-0.79%
2018年12月20日 	2,655.73 	2,664.37 	2,675.25 	2,634.48 	12.04B 	-0.52%
2018年12月19日 	2,669.68 	2,700.24 	2,701.51 	2,667.08 	10.76B 	-1.05%
2018年12月18日 	2,698.11 	2,705.41 	2,721.70 	2,684.41 	11.69B 	-0.82%
2018年12月17日 	2,720.47 	2,709.21 	2,721.50 	2,695.19 	11.72B 	0.16%
2018年12月14日 	2,716.00 	2,751.15 	2,753.13 	2,716.00 	14.58B 	-1.53%
2018年12月13日 	2,758.25 	2,730.07 	2,770.62 	2,721.99 	15.05B 	1.23%
2018年12月12日 	2,724.83 	2,731.12 	2,733.09 	2,717.42 	10.34B 	0.31%
2018年12月11日 	2,716.38 	2,708.97 	2,718.55 	2,704.96 	10.12B 	0.37%
2018年12月10日 	2,706.42 	2,711.20 	2,722.33 	2,697.67 	11.30B 	-0.82%
2018年12月7日 	2,728.72 	2,732.36 	2,737.85 	2,721.80 	10.89B 	0.03%
2018年12月6日 	2,727.99 	2,753.81 	2,757.88 	2,725.85 	14.14B 	-1.69%
2018年12月5日 	2,774.79 	2,753.80 	2,785.88 	2,749.72 	15.42B 	-0.61%
2018年12月4日 	2,791.68 	2,776.59 	2,791.82 	2,769.59 	16.77B 	0.42%
2018年12月3日 	2,779.99 	2,772.03 	2,791.01 	2,753.13 	20.71B 	2.58%
2018年11月30日 	2,710.17 	2,685.42 	2,712.31 	2,675.68 	13.88B 	0.81%
2018年11月29日 	2,688.42 	2,737.04 	2,741.00 	2,688.42 	15.69B 	-1.32%
2018年11月28日 	2,724.40 	2,696.86 	2,724.65 	2,682.30 	14.57B 	1.05%
2018年11月27日 	2,696.05 	2,707.79 	2,714.78 	2,687.12 	12.34B 	-0.05%
2018年11月26日 	2,697.27 	2,702.55 	2,717.39 	2,689.12 	13.41B 	-0.14%
2018年11月23日 	2,701.10 	2,765.18 	2,766.63 	2,698.88 	19.10B 	-2.49%
2018年11月22日 	2,770.17 	2,781.17 	2,783.38 	2,758.71 	14.91B 	-0.23%
2018年11月21日 	2,776.56 	2,743.37 	2,778.97 	2,741.24 	18.23B 	0.21%
2018年11月20日 	2,770.67 	2,810.92 	2,817.82 	2,768.05 	21.54B 	-2.13%
2018年11月19日 	2,831.06 	2,808.37 	2,831.06 	2,800.27 	23.12B 	0.91%
2018年11月16日 	2,805.43 	2,795.72 	2,822.67 	2,782.31 	24.14B 	0.41%
2018年11月15日 	2,794.03 	2,756.31 	2,794.03 	2,756.05 	20.73B 	1.36%
2018年11月14日 	2,756.42 	2,773.32 	2,783.75 	2,751.92 	23.80B 	-0.86%
2018年11月13日 	2,780.22 	2,723.20 	2,792.39 	2,719.91 	24.88B 	0.93%
2018年11月12日 	2,754.72 	2,715.61 	2,755.41 	2,712.48 	17.47B 	1.22%
2018年11月9日 	2,721.56 	2,745.00 	2,745.00 	2,720.82 	15.21B 	-1.40%
2018年11月8日 	2,760.11 	2,785.78 	2,788.16 	2,756.61 	15.93B 	-0.22%
2018年11月7日 	2,766.10 	2,785.49 	2,802.12 	2,763.89 	17.29B 	-0.68%
2018年11月6日 	2,784.97 	2,786.39 	2,786.56 	2,759.79 	16.33B 	-0.23%
2018年11月5日 	2,791.35 	2,791.38 	2,799.50 	2,763.92 	19.34B 	-0.41%
2018年11月2日 	2,802.97 	2,774.47 	2,802.97 	2,753.05 	22.47B 	2.70%
2018年11月1日 	2,729.31 	2,740.64 	2,761.36 	2,726.60 	20.07B 	0.13%
2018年10月31日 	2,725.67 	2,694.51 	2,736.32 	2,688.23 	18.03B 	1.35%
2018年10月30日 	2,689.31 	2,658.44 	2,709.11 	2,640.85 	16.65B 	1.02%
2018年10月29日 	2,662.15 	2,716.13 	2,718.18 	2,648.60 	13.41B 	-2.19%
2018年10月26日 	2,721.64 	2,734.30 	2,750.23 	2,702.75 	15.88B 	-0.19%
2018年10月25日 	2,726.86 	2,660.88 	2,729.29 	2,651.09 	16.18B 	0.02%
2018年10月24日 	2,726.30 	2,701.84 	2,765.23 	2,699.54 	15.98B 	0.33%
2018年10月23日 	2,717.43 	2,778.03 	2,785.58 	2,705.32 	17.80B 	-2.26%
2018年10月22日 	2,780.38 	2,686.99 	2,801.92 	2,686.99 	21.14B 	4.09%
2018年10月19日 	2,671.08 	2,576.36 	2,674.14 	2,564.94 	14.70B 	2.58%
2018年10月18日 	2,603.99 	2,665.22 	2,665.22 	2,603.16 	12.52B 	-2.94%
2018年10月17日 	2,682.76 	2,696.08 	2,704.68 	2,636.60 	12.97B 	0.60%
2018年10月16日 	2,666.76 	2,689.00 	2,720.43 	2,656.38 	11.91B 	-0.84%
2018年10月15日 	2,689.35 	2,728.99 	2,735.33 	2,685.83 	11.84B 	-1.49%
2018年10月12日 	2,730.05 	2,695.58 	2,739.51 	2,656.45 	16.97B 	0.91%
2018年10月11日 	2,705.45 	2,767.81 	2,786.90 	2,681.18 	19.65B 	-5.22%
2018年10月10日 	2,854.58 	2,852.38 	2,873.15 	2,830.70 	11.33B 	0.18%
2018年10月9日 	2,849.53 	2,841.91 	2,863.47 	2,839.23 	11.66B 	0.16%
2018年10月8日 	2,844.84 	2,898.99 	2,902.95 	2,838.16 	14.92B 	-3.72%
2018年9月28日 	2,954.75 	2,926.37 	2,955.19 	2,923.80 	13.40B 	1.06%
2018年9月27日 	2,923.73 	2,938.48 	2,943.41 	2,918.02 	12.38B 	-0.54%
2018年9月26日 	2,939.53 	2,917.01 	2,961.07 	2,914.93 	13.93B 	0.92%
2018年9月25日 	2,912.61 	2,906.22 	2,921.96 	2,902.14 	11.18B 	-0.58%
2018年9月21日 	2,929.74 	2,863.03 	2,929.74 	2,850.59 	15.78B 	2.50%
2018年9月20日 	2,858.18 	2,861.23 	2,873.61 	2,852.75 	11.13B 	-0.06%
2018年9月19日 	2,859.84 	2,822.05 	2,875.82 	2,818.06 	14.13B 	1.15%
2018年9月18日 	2,827.46 	2,769.10 	2,827.73 	2,769.10 	11.56B 	1.82%
2018年9月17日 	2,776.96 	2,797.39 	2,797.39 	2,772.90 	8.81B 	-1.11%
2018年9月14日 	2,808.26 	2,815.74 	2,822.19 	2,801.60 	9.99B 	-0.18%
2018年9月13日 	2,813.42 	2,805.75 	2,816.07 	2,778.43 	10.72B 	1.15%
2018年9月12日 	2,781.50 	2,785.29 	2,798.23 	2,772.12 	8.99B 	-0.33%
2018年9月11日 	2,790.59 	2,794.44 	2,807.13 	2,777.88 	9.97B 	-0.17%
2018年9月10日 	2,795.48 	2,825.34 	2,831.04 	2,793.20 	10.34B 	-1.21%
2018年9月7日 	2,829.85 	2,823.95 	2,857.35 	2,810.34 	10.74B 	0.40%
2018年9月6日 	2,818.61 	2,824.86 	2,847.77 	2,810.36 	9.89B 	-0.47%
2018年9月5日 	2,831.96 	2,870.80 	2,875.11 	2,831.96 	10.49B 	-1.68%
2018年9月4日 	2,880.46 	2,849.09 	2,886.80 	2,840.40 	10.88B 	1.10%
2018年9月3日 	2,849.18 	2,844.62 	2,851.42 	2,819.43 	10.21B 	-0.17%
2018年8月31日 	2,853.90 	2,859.01 	2,874.27 	2,838.49 	10.95B 	-0.46%
2018年8月30日 	2,867.01 	2,900.17 	2,911.92 	2,865.55 	10.59B 	-1.14%
2018年8月29日 	2,900.13 	2,905.97 	2,909.83 	2,892.85 	10.00B 	-0.31%
2018年8月28日 	2,909.23 	2,913.75 	2,923.30 	2,900.22 	11.86B 	-0.11%
2018年8月27日 	2,912.30 	2,865.58 	2,912.30 	2,865.58 	13.25B 	1.89%
2018年8月24日 	2,858.35 	2,845.36 	2,878.70 	2,833.03 	10.04B 	0.18%
2018年8月23日 	2,853.27 	2,843.05 	2,865.23 	2,828.30 	9.83B 	0.37%
2018年8月22日 	2,842.78 	2,860.98 	2,860.98 	2,836.95 	9.35B 	-0.70%
2018年8月21日 	2,862.94 	2,827.86 	2,868.56 	2,823.59 	11.34B 	1.31%
2018年8月20日 	2,825.89 	2,799.21 	2,825.89 	2,778.32 	11.06B 	1.11%
2018年8月17日 	2,794.91 	2,852.52 	2,859.27 	2,791.36 	11.22B 	-1.34%
2018年8月16日 	2,832.91 	2,818.43 	2,862.02 	2,798.84 	12.00B 	-0.66%
2018年8月15日 	2,851.84 	2,908.46 	2,908.93 	2,849.72 	11.59B 	-2.08%
2018年8月14日 	2,912.35 	2,912.14 	2,921.26 	2,897.24 	10.94B 	-0.18%
2018年8月13日 	2,917.53 	2,899.82 	2,921.65 	2,872.10 	12.73B 	-0.34%
2018年8月10日 	2,927.43 	2,923.35 	2,938.78 	2,908.75 	12.13B 	0.03%
2018年8月9日 	2,926.48 	2,858.53 	2,934.12 	2,855.00 	15.14B 	1.83%
2018年8月8日 	2,873.75 	2,902.10 	2,911.28 	2,870.60 	14.74B 	-1.27%
2018年8月7日 	2,910.78 	2,839.90 	2,910.78 	2,823.39 	14.93B 	2.75%
2018年8月6日 	2,833.00 	2,865.81 	2,890.95 	2,819.50 	12.95B 	-1.29%
2018年8月3日 	2,869.92 	2,894.00 	2,908.96 	2,869.90 	12.68B 	-1.00%
2018年8月2日 	2,898.84 	2,948.40 	2,948.40 	2,855.32 	17.38B 	-2.00%
2018年8月1日 	2,958.05 	3,018.91 	3,034.49 	2,957.41 	14.92B 	-1.81%
2018年7月31日 	3,012.49 	3,002.53 	3,021.19 	2,989.32 	11.87B 	0.26%
2018年7月30日 	3,004.79 	3,007.79 	3,033.06 	2,985.12 	15.14B 	-0.16%
2018年7月27日 	3,009.53 	3,015.94 	3,026.43 	2,999.57 	14.61B 	-0.30%
2018年7月26日 	3,018.61 	3,043.36 	3,053.32 	3,011.78 	16.82B 	-0.74%
2018年7月25日 	3,041.10 	3,049.31 	3,050.21 	3,031.02 	16.76B 	-0.07%
2018年7月24日 	3,043.13 	2,997.76 	3,049.33 	2,997.76 	22.93B 	1.61%
2018年7月23日 	2,994.89 	2,948.38 	2,999.13 	2,942.53 	17.32B 	1.07%
2018年7月20日 	2,963.15 	2,900.67 	2,972.17 	2,884.02 	14.57B 	2.05%
2018年7月19日 	2,903.60 	2,922.95 	2,937.65 	2,895.14 	11.44B 	-0.53%
2018年7月18日 	2,919.00 	2,934.24 	2,951.67 	2,917.72 	12.08B 	-0.39%
2018年7月17日 	2,930.37 	2,939.55 	2,939.61 	2,905.86 	10.53B 	-0.57%
2018年7月16日 	2,947.06 	2,960.76 	2,971.70 	2,937.02 	10.76B 	-0.61%
2018年7月13日 	2,965.01 	2,965.28 	2,969.51 	2,952.07 	11.75B 	-0.23%
2018年7月12日 	2,971.82 	2,902.03 	2,978.69 	2,902.03 	14.68B 	2.16%
2018年7月11日 	2,909.09 	2,912.03 	2,926.46 	2,882.52 	12.66B 	-1.76%
2018年7月10日 	2,961.30 	2,953.00 	2,962.22 	2,932.97 	11.69B 	0.45%
2018年7月9日 	2,948.18 	2,882.48 	2,948.89 	2,882.48 	12.14B 	2.47%
2018年7月6日 	2,877.01 	2,860.35 	2,899.71 	2,818.06 	13.61B 	0.49%
2018年7月5日 	2,862.99 	2,885.45 	2,908.73 	2,856.74 	12.91B 	-0.92%
2018年7月4日 	2,889.43 	2,907.72 	2,925.12 	2,884.21 	12.31B 	-1.00%
2018年7月3日 	2,918.50 	2,905.59 	2,918.50 	2,850.94 	14.23B 	0.41%
2018年7月2日 	2,906.62 	2,975.87 	2,980.16 	2,886.97 	13.69B 	-2.53%
2018年6月29日 	2,981.99 	2,921.69 	2,983.01 	2,913.87 	12.54B 	2.17%
2018年6月28日 	2,918.63 	2,932.30 	2,959.67 	2,913.96 	11.82B 	-0.94%
2018年6月27日 	2,946.23 	2,976.91 	2,989.36 	2,931.14 	12.93B 	-1.10%
2018年6月26日 	2,979.13 	2,963.91 	2,985.13 	2,936.43 	12.57B 	-0.52%
2018年6月25日 	2,994.70 	3,040.99 	3,046.40 	2,993.17 	12.18B 	-1.05%
2018年6月22日 	3,026.62 	2,990.85 	3,028.95 	2,971.49 	12.59B 	0.48%
2018年6月21日 	3,012.08 	3,049.97 	3,079.94 	3,008.72 	15.41B 	-1.37%
2018年6月20日 	3,053.89 	3,026.94 	3,064.18 	3,008.21 	14.41B 	0.27%
2018年6月19日 	3,045.66 	3,123.83 	3,126.32 	3,007.44 	23.00B 	-3.77%
2018年6月15日 	3,165.00 	3,181.23 	3,193.15 	3,151.20 	14.41B 	-0.73%
2018年6月14日 	3,188.26 	3,181.86 	3,211.20 	3,175.92 	11.53B 	-0.19%
2018年6月13日 	3,194.17 	3,216.89 	3,216.89 	3,188.21 	11.94B 	-0.98%
2018年6月12日 	3,225.64 	3,197.59 	3,227.38 	3,177.73 	11.31B 	0.89%
2018年6月11日 	3,197.33 	3,202.08 	3,208.68 	3,181.72 	10.84B 	-0.47%
2018年6月8日 	3,212.37 	3,247.48 	3,247.56 	3,197.86 	13.45B 	-1.36%
2018年6月7日 	3,256.82 	3,269.08 	3,276.97 	3,252.69 	12.76B 	-0.18%
2018年6月6日 	3,262.78 	3,256.48 	3,265.25 	3,250.55 	12.01B 	0.03%
2018年6月5日 	3,261.76 	3,234.35 	3,262.35 	3,225.94 	11.86B 	0.74%
2018年6月4日 	3,237.70 	3,229.57 	3,245.25 	3,222.80 	11.44B 	0.52%
2018年6月1日 	3,220.88 	3,230.85 	3,249.06 	3,204.71 	12.96B 	-0.65%
2018年5月31日 	3,242.11 	3,206.76 	3,244.81 	3,198.85 	13.93B 	1.78%
2018年5月30日 	3,185.36 	3,226.87 	3,231.37 	3,184.89 	15.47B 	-2.53%
2018年5月29日 	3,268.14 	3,277.76 	3,292.01 	3,259.41 	13.55B 	-0.47%
2018年5月28日 	3,283.49 	3,285.30 	3,298.78 	3,263.44 	12.85B 	-0.20%
2018年5月25日 	3,290.02 	3,297.45 	3,306.19 	3,279.28 	12.83B 	-0.42%
2018年5月24日 	3,304.00 	3,317.94 	3,323.81 	3,301.29 	12.39B 	-0.45%
2018年5月23日 	3,319.02 	3,357.25 	3,357.25 	3,319.02 	15.76B 	-1.41%
2018年5月22日 	3,366.61 	3,363.34 	3,366.85 	3,343.40 	14.42B 	0.02%
2018年5月21日 	3,366.07 	3,358.06 	3,372.25 	3,355.04 	16.42B 	0.64%
2018年5月18日 	3,344.54 	3,300.24 	3,344.70 	3,293.61 	13.63B 	1.24%
2018年5月17日 	3,303.60 	3,320.07 	3,322.97 	3,297.66 	11.38B 	-0.48%
2018年5月16日 	3,319.60 	3,330.78 	3,343.07 	3,316.70 	13.03B 	-0.71%
2018年5月15日 	3,343.27 	3,330.97 	3,343.99 	3,314.29 	12.43B 	0.57%
2018年5月14日 	3,324.27 	3,316.92 	3,334.52 	3,313.19 	12.91B 	0.34%
2018年5月11日 	3,312.95 	3,330.29 	3,331.30 	3,311.84 	13.05B 	-0.35%
2018年5月10日 	3,324.64 	3,319.03 	3,326.47 	3,304.83 	13.28B 	0.48%
2018年5月9日 	3,308.64 	3,309.67 	3,315.18 	3,294.49 	12.25B 	-0.07%
2018年5月8日 	3,311.10 	3,283.62 	3,319.74 	3,282.32 	14.67B 	0.79%
2018年5月7日 	3,285.04 	3,241.29 	3,285.24 	3,237.88 	13.87B 	1.48%
2018年5月4日 	3,237.23 	3,239.40 	3,250.94 	3,232.77 	11.86B 	-0.32%
2018年5月3日 	3,247.53 	3,219.90 	3,252.59 	3,200.65 	13.98B 	0.64%
2018年5月2日 	3,226.89 	3,233.36 	3,244.07 	3,209.68 	13.40B 	-0.03%
2018年4月27日 	3,227.92 	3,228.15 	3,234.05 	3,194.03 	13.10B 	0.23%
2018年4月26日 	3,220.39 	3,267.02 	3,269.57 	3,212.93 	13.38B 	-1.38%
2018年4月25日 	3,265.41 	3,259.55 	3,270.59 	3,253.91 	12.72B 	-0.35%
2018年4月24日 	3,276.90 	3,214.87 	3,284.38 	3,214.87 	16.20B 	1.99%
2018年4月23日 	3,213.05 	3,208.20 	3,230.88 	3,189.89 	13.15B 	-0.11%
2018年4月20日 	3,216.70 	3,252.23 	3,258.24 	3,210.79 	15.49B 	-1.47%
2018年4月19日 	3,264.74 	3,240.52 	3,275.30 	3,236.33 	15.98B 	0.84%
2018年4月18日 	3,237.50 	3,238.02 	3,243.24 	3,185.31 	15.90B 	0.80%
2018年4月17日 	3,211.66 	3,260.07 	3,266.14 	3,208.75 	14.70B 	-1.41%
2018年4月16日 	3,257.64 	3,301.91 	3,302.16 	3,242.40 	15.42B 	-1.53%
2018年4月13日 	3,308.38 	3,343.05 	3,349.17 	3,304.67 	12.74B 	-0.67%
2018年4月12日 	3,330.56 	3,354.82 	3,356.90 	3,327.31 	14.81B 	-0.87%
2018年4月11日 	3,359.87 	3,348.64 	3,373.25 	3,342.53 	17.57B 	0.56%
2018年4月10日 	3,341.24 	3,292.88 	3,341.59 	3,287.43 	16.80B 	1.66%
2018年4月9日 	3,286.62 	3,273.14 	3,294.81 	3,257.25 	13.94B 	0.23%
2018年4月4日 	3,279.07 	3,295.78 	3,312.88 	3,276.72 	14.68B 	-0.18%
2018年4月3日 	3,284.85 	3,277.89 	3,292.95 	3,266.50 	15.20B 	-0.84%
2018年4月2日 	3,312.69 	3,319.64 	3,343.31 	3,309.34 	17.75B 	-0.18%
2018年3月30日 	3,318.71 	3,311.30 	3,327.99 	3,301.95 	15.44B 	0.26%
2018年3月29日 	3,309.98 	3,275.11 	3,324.67 	3,244.65 	17.01B 	1.23%
2018年3月28日 	3,269.88 	3,278.54 	3,314.91 	3,264.89 	16.34B 	-1.40%
2018年3月27日 	3,316.41 	3,314.54 	3,322.88 	3,292.19 	18.88B 	1.05%
2018年3月26日 	3,281.92 	3,264.78 	3,282.50 	3,237.68 	18.61B 	-0.61%
2018年3月23日 	3,301.95 	3,322.84 	3,339.08 	3,257.81 	27.49B 	-3.39%
2018年3月22日 	3,417.98 	3,436.68 	3,444.55 	3,396.26 	15.02B 	-0.53%
2018年3月21日 	3,436.36 	3,456.04 	3,471.19 	3,423.67 	16.81B 	-0.29%
2018年3月20日 	3,446.49 	3,411.42 	3,448.56 	3,406.41 	13.96B 	0.35%
2018年3月19日 	3,434.54 	3,419.45 	3,435.91 	3,404.90 	13.77B 	0.29%
2018年3月16日 	3,424.64 	3,445.92 	3,456.79 	3,424.01 	14.08B 	-0.64%
2018年3月15日 	3,446.87 	3,432.57 	3,453.16 	3,428.09 	14.83B 	-0.01%
2018年3月14日 	3,447.13 	3,454.76 	3,461.39 	3,442.90 	15.72B 	-0.57%
2018年3月13日 	3,466.91 	3,481.45 	3,491.71 	3,463.91 	17.68B 	-0.49%
2018年3月12日 	3,484.15 	3,476.41 	3,491.38 	3,470.43 	20.60B 	0.59%
2018年3月9日 	3,463.81 	3,447.35 	3,466.50 	3,439.09 	16.82B 	0.57%
2018年3月8日 	3,444.17 	3,423.13 	3,445.32 	3,416.00 	14.97B 	0.51%
2018年3月7日 	3,426.62 	3,444.64 	3,465.16 	3,419.36 	16.85B 	-0.55%
2018年3月6日 	3,445.45 	3,421.22 	3,446.09 	3,397.23 	19.51B 	1.00%
2018年3月5日 	3,411.18 	3,410.01 	3,424.21 	3,389.93 	14.46B 	0.08%
2018年3月2日 	3,408.60 	3,402.20 	3,424.78 	3,395.73 	15.06B 	-0.59%
2018年3月1日 	3,428.77 	3,388.22 	3,435.49 	3,381.41 	15.87B 	0.44%
2018年2月28日 	3,413.74 	3,418.63 	3,433.06 	3,393.24 	15.07B 	-0.99%
2018年2月27日 	3,448.03 	3,486.41 	3,486.41 	3,440.22 	17.39B 	-1.13%
2018年2月26日 	3,487.35 	3,464.00 	3,494.09 	3,437.06 	18.83B 	1.23%
2018年2月23日 	3,444.83 	3,430.58 	3,450.21 	3,412.82 	14.55B 	0.63%
2018年2月22日 	3,423.37 	3,390.86 	3,424.80 	3,387.23 	13.85B 	2.17%
2018年2月14日 	3,350.57 	3,339.14 	3,355.15 	3,321.47 	10.01B 	0.45%
2018年2月13日 	3,335.69 	3,326.43 	3,371.62 	3,326.43 	15.12B 	0.98%
2018年2月12日 	3,303.37 	3,276.45 	3,318.06 	3,260.90 	15.30B 	0.77%
2018年2月9日 	3,278.01 	3,323.01 	3,330.71 	3,207.61 	25.57B 	-4.06%
2018年2月8日 	3,416.57 	3,436.51 	3,463.90 	3,378.44 	20.09B 	-1.43%
2018年2月7日 	3,466.13 	3,574.72 	3,588.10 	3,460.61 	26.05B 	-1.83%
2018年2月6日 	3,530.57 	3,580.09 	3,603.33 	3,523.82 	27.99B 	-3.35%
2018年2月5日 	3,652.98 	3,573.38 	3,653.22 	3,567.71 	21.74B 	0.74%
2018年2月2日 	3,626.27 	3,581.37 	3,627.41 	3,549.52 	20.76B 	0.44%
2018年2月1日 	3,610.51 	3,643.53 	3,660.73 	3,586.72 	25.99B 	-0.97%
2018年1月31日 	3,645.80 	3,634.89 	3,661.11 	3,618.41 	20.69B 	-0.20%
2018年1月30日 	3,653.27 	3,677.95 	3,690.07 	3,649.76 	18.61B 	-1.00%
2018年1月29日 	3,690.02 	3,732.69 	3,757.20 	3,676.66 	23.56B 	-0.99%
2018年1月26日 	3,726.89 	3,703.14 	3,744.51 	3,701.78 	22.25B 	0.28%
2018年1月25日 	3,716.59 	3,723.83 	3,740.93 	3,695.32 	24.30B 	-0.32%
2018年1月24日 	3,728.35 	3,722.12 	3,738.90 	3,694.41 	25.27B 	0.36%
2018年1月23日 	3,714.80 	3,670.44 	3,715.55 	3,670.44 	23.83B 	1.29%
2018年1月22日 	3,667.31 	3,641.71 	3,669.43 	3,640.33 	21.71B 	0.39%
2018年1月19日 	3,653.13 	3,646.58 	3,664.20 	3,638.89 	24.73B 	0.38%
2018年1月18日 	3,639.37 	3,613.28 	3,641.25 	3,612.11 	21.98B 	0.87%
2018年1月17日 	3,607.81 	3,601.43 	3,629.39 	3,592.93 	26.08B 	0.24%
2018年1月16日 	3,599.34 	3,564.64 	3,600.38 	3,563.05 	21.12B 	0.77%
2018年1月15日 	3,572.01 	3,591.28 	3,605.55 	3,563.44 	23.17B 	-0.54%
2018年1月12日 	3,591.27 	3,585.96 	3,598.07 	3,579.77 	17.38B 	0.10%
2018年1月11日 	3,587.51 	3,577.26 	3,588.70 	3,566.85 	17.36B 	0.10%
2018年1月10日 	3,583.80 	3,575.66 	3,592.57 	3,559.70 	20.88B 	0.23%
2018年1月9日 	3,575.42 	3,567.22 	3,578.90 	3,564.56 	19.13B 	0.13%
2018年1月8日 	3,570.75 	3,551.96 	3,574.16 	3,544.61 	23.58B 	0.52%
2018年1月5日 	3,552.17 	3,546.60 	3,563.01 	3,540.09 	21.28B 	0.18%
2018年1月4日 	3,545.80 	3,530.40 	3,553.31 	3,524.43 	20.67B 	0.49%
2018年1月3日 	3,528.43 	3,506.00 	3,539.75 	3,503.41 	21.36B 	0.62%
2018年1月2日 	3,506.62 	3,470.67 	3,507.38 	3,470.67 	20.20B 	1.25%
2017年12月29日 	3,463.48 	3,450.98 	3,464.59 	3,448.37 	14.14B 	0.33%
2017年12月28日 	3,452.19 	3,426.95 	3,460.29 	3,417.95 	17.52B 	0.63%
2017年12月27日 	3,430.62 	3,458.65 	3,463.47 	3,424.91 	16.25B 	-0.92%
2017年12月26日 	3,462.50 	3,432.84 	3,463.75 	3,429.15 	14.23B 	0.78%
2017年12月25日 	3,435.60 	3,452.10 	3,468.98 	3,425.09 	14.67B 	-0.50%
2017年12月22日 	3,452.99 	3,453.64 	3,463.76 	3,449.19 	12.39B 	-0.09%
2017年12月21日 	3,456.14 	3,436.27 	3,465.74 	3,421.88 	14.19B 	0.38%
2017年12月20日 	3,443.09 	3,452.63 	3,456.29 	3,431.03 	13.76B 	-0.27%
2017年12月19日 	3,452.42 	3,420.40 	3,452.84 	3,420.40 	11.50B 	0.88%
2017年12月18日 	3,422.39 	3,422.53 	3,435.63 	3,407.97 	12.05B 	0.05%
2017年12月15日 	3,420.53 	3,443.00 	3,443.00 	3,413.49 	13.07B 	-0.80%
2017年12月14日 	3,448.16 	3,459.18 	3,466.08 	3,437.81 	12.04B 	-0.32%
2017年12月13日 	3,459.27 	3,433.41 	3,460.30 	3,428.11 	11.18B 	0.68%
2017年12月12日 	3,435.94 	3,477.39 	3,477.39 	3,435.44 	12.45B 	-1.25%
2017年12月11日 	3,479.38 	3,446.15 	3,479.88 	3,443.83 	13.18B 	0.98%
2017年12月8日 	3,445.63 	3,418.92 	3,453.13 	3,412.91 	13.30B 	0.55%
2017年12月7日 	3,426.87 	3,438.62 	3,447.02 	3,413.33 	13.20B 	-0.67%
2017年12月6日 	3,449.83 	3,447.09 	3,452.19 	3,408.59 	15.13B 	-0.30%
2017年12月5日 	3,460.06 	3,457.74 	3,472.55 	3,456.51 	20.79B 	-0.17%
2017年12月4日 	3,466.07 	3,466.81 	3,481.16 	3,460.23 	14.78B 	-0.24%
2017年12月1日 	3,474.43 	3,471.84 	3,481.68 	3,458.54 	13.90B 	0.01%
2017年11月30日 	3,474.01 	3,486.03 	3,498.93 	3,462.60 	15.63B 	-0.62%
2017年11月29日 	3,495.73 	3,493.35 	3,501.20 	3,461.86 	18.36B 	0.13%
2017年11月28日 	3,491.34 	3,467.88 	3,491.49 	3,456.89 	13.81B 	0.34%
2017年11月27日 	3,479.43 	3,504.95 	3,505.37 	3,472.10 	166.18K 	-0.94%
2017年11月24日 	3,512.48 	3,498.43 	3,519.78 	3,485.76 	159.31K 	0.06%
2017年11月23日 	3,510.53 	3,587.19 	3,591.81 	3,500.46 	214.92K 	-2.29%
2017年11月22日 	3,592.92 	3,579.15 	3,605.20 	3,565.46 	213.27K 	0.59%
2017年11月21日 	3,571.98 	3,542.44 	3,581.77 	3,537.45 	196.58K 	0.53%
2017年11月20日 	3,552.98 	3,520.41 	3,553.72 	3,495.04 	176.14K 	0.28%
2017年11月17日 	3,543.03 	3,553.06 	3,564.18 	3,532.77 	248.94K 	-0.48%
2017年11月16日 	3,559.96 	3,553.59 	3,570.87 	3,550.85 	156.40K 	-0.10%
2017年11月15日 	3,563.39 	3,577.68 	3,585.61 	3,556.92 	168.44K 	-0.79%
2017年11月14日 	3,591.69 	3,609.50 	3,613.63 	3,581.35 	195.97K 	-0.53%
2017年11月13日 	3,610.86 	3,597.60 	3,612.27 	3,597.50 	204.95K 	0.44%
2017年11月10日 	3,594.97 	3,585.02 	3,601.40 	3,575.71 	188.94K 	0.14%
2017年11月9日 	3,589.86 	3,571.95 	3,590.88 	3,569.74 	158.22K 	0.36%
2017年11月8日 	3,576.98 	3,570.38 	3,596.95 	3,565.89 	185.07K 	0.05%
2017年11月7日 	3,575.03 	3,549.78 	3,576.68 	3,548.16 	190.23K 	0.75%
2017年11月6日 	3,548.43 	3,529.05 	3,549.69 	3,515.27 	154.30K 	0.49%
2017年11月3日 	3,531.21 	3,537.42 	3,540.39 	3,505.63 	172.34K 	-0.34%
2017年11月2日 	3,543.27 	3,551.93 	3,551.93 	3,531.58 	166.50K 	-0.37%
2017年11月1日 	3,556.42 	3,554.37 	3,571.57 	3,548.73 	180.25K 	0.08%
2017年10月31日 	3,553.72 	3,540.82 	3,557.65 	3,535.64 	153.11K 	0.09%
2017年10月30日 	3,550.61 	3,575.21 	3,581.36 	3,515.88 	207.83K 	-0.77%
2017年10月27日 	3,578.29 	3,565.26 	3,582.80 	3,562.76 	169.94K 	0.27%
2017年10月26日 	3,568.49 	3,557.98 	3,575.52 	3,551.62 	183.34K 	0.31%
2017年10月25日 	3,557.34 	3,544.78 	3,558.81 	3,541.80 	122.81K 	0.25%
2017年10月24日 	3,548.35 	3,536.09 	3,548.81 	3,533.49 	139.67K 	0.22%
2017年10月23日 	3,540.40 	3,542.02 	3,545.20 	3,534.07 	130.49K 	0.06%
2017年10月20日 	3,538.21 	3,522.49 	3,539.40 	3,518.84 	126.66K 	0.25%
2017年10月19日 	3,529.49 	3,534.13 	3,538.43 	3,518.41 	158.14K 	-0.34%
2017年10月18日 	3,541.64 	3,532.88 	3,543.15 	3,531.27 	156.79K 	0.29%
2017年10月17日 	3,531.32 	3,532.45 	3,542.13 	3,524.47 	124.86K 	-0.19%
2017年10月16日 	3,537.91 	3,553.28 	3,560.98 	3,534.02 	173.93K 	-0.35%
2017年10月13日 	3,550.46 	3,544.16 	3,555.96 	3,542.83 	139.68K 	0.13%
2017年10月12日 	3,545.85 	3,545.14 	3,550.16 	3,531.64 	161.21K 	-0.06%
2017年10月11日 	3,548.02 	3,540.87 	3,555.88 	3,538.43 	181.06K 	0.16%
2017年10月10日 	3,542.44 	3,532.32 	3,543.54 	3,517.07 	178.97K 	0.26%
2017年10月9日 	3,533.40 	3,563.73 	3,570.97 	3,525.62 	191.03K 	0.76%
2017年9月29日 	3,506.73 	3,497.74 	3,515.24 	3,497.74 	144.46K 	0.28%
2017年9月28日 	3,497.03 	3,501.46 	3,502.25 	3,493.39 	149.14K 	-0.17%
2017年9月27日 	3,502.96 	3,498.40 	3,507.62 	3,497.84 	142.68K 	0.05%
2017年9月26日 	3,501.30 	3,493.74 	3,505.07 	3,489.79 	132.30K 	0.06%
2017年9月25日 	3,499.20 	3,502.27 	3,508.99 	3,492.21 	169.04K 	-0.33%
2017年9月22日 	3,510.62 	3,504.97 	3,514.74 	3,492.24 	178.88K 	-0.16%
2017年9月21日 	3,516.14 	3,523.37 	3,537.18 	3,515.16 	196.93K 	-0.24%
2017年9月20日 	3,524.73 	3,510.30 	3,529.04 	3,504.41 	191.75K 	0.27%
2017年9月19日 	3,515.19 	3,524.32 	3,529.41 	3,502.45 	190.79K 	-0.18%
2017年9月18日 	3,521.52 	3,510.69 	3,530.84 	3,510.69 	189.94K 	0.28%
2017年9月15日 	3,511.85 	3,523.88 	3,524.28 	3,503.15 	219.11K 	-0.53%
2017年9月14日 	3,530.46 	3,543.08 	3,551.60 	3,519.86 	220.51K 	-0.38%
2017年9月13日 	3,543.78 	3,533.93 	3,546.93 	3,525.35 	193.96K 	0.14%
2017年9月12日 	3,538.94 	3,540.97 	3,551.07 	3,529.87 	272.34K 	0.09%
2017年9月11日 	3,535.66 	3,524.16 	3,544.54 	3,518.57 	218.34K 	0.33%
2017年9月8日 	3,524.05 	3,523.43 	3,540.59 	3,511.96 	197.23K 	-0.01%
2017年9月7日 	3,524.57 	3,543.61 	3,547.96 	3,522.13 	220.62K 	-0.59%
2017年9月6日 	3,545.45 	3,531.89 	3,551.37 	3,523.84 	228.63K 	0.03%
2017年9月5日 	3,544.37 	3,536.94 	3,551.23 	3,531.04 	216.17K 	0.14%
2017年9月4日 	3,539.46 	3,529.07 	3,541.36 	3,517.96 	266.96K 	0.37%
2017年9月1日 	3,526.35 	3,525.15 	3,541.84 	3,517.24 	281.93K 	0.19%
2017年8月31日 	3,519.72 	3,520.45 	3,526.64 	3,498.63 	233.95K 	-0.09%
2017年8月30日 	3,522.72 	3,520.92 	3,536.46 	3,515.85 	246.35K 	-0.05%
2017年8月29日 	3,524.50 	3,521.14 	3,534.31 	3,513.16 	219.18K 	0.08%
2017年8月28日 	3,521.75 	3,493.98 	3,534.77 	3,493.98 	257.00K 	0.93%
2017年8月25日 	3,489.14 	3,426.13 	3,489.55 	3,426.13 	205.47K 	1.84%
2017年8月24日 	3,426.18 	3,443.42 	3,453.96 	3,420.78 	163.20K 	-0.49%
2017年8月23日 	3,443.17 	3,439.05 	3,455.51 	3,429.26 	179.61K 	-0.08%
2017年8月22日 	3,445.79 	3,443.02 	3,449.19 	3,429.72 	186.27K 	0.10%
2017年8月21日 	3,442.27 	3,429.36 	3,442.91 	3,425.04 	185.78K 	0.56%
2017年8月18日 	3,423.22 	3,406.99 	3,429.89 	3,401.58 	190.79K 	0.01%
2017年8月17日 	3,422.93 	3,407.66 	3,423.67 	3,405.14 	203.28K 	0.68%
2017年8月16日 	3,399.91 	3,401.39 	3,402.36 	3,381.46 	176.55K 	-0.15%
2017年8月15日 	3,404.97 	3,388.12 	3,417.90 	3,387.99 	182.02K 	0.43%
2017年8月14日 	3,390.35 	3,357.55 	3,393.18 	3,357.55 	189.98K 	0.90%
2017年8月11日 	3,360.18 	3,390.94 	3,398.53 	3,351.97 	262.48K 	-1.63%
2017年8月10日 	3,415.96 	3,424.33 	3,437.74 	3,389.13 	240.30K 	-0.42%
2017年8月9日 	3,430.45 	3,432.85 	3,432.98 	3,418.17 	235.31K 	-0.19%
2017年8月8日 	3,437.12 	3,432.20 	3,440.92 	3,424.29 	251.79K 	0.07%
2017年8月7日 	3,434.59 	3,411.72 	3,435.27 	3,397.09 	230.97K 	0.53%
2017年8月4日 	3,416.35 	3,423.95 	3,442.70 	3,415.54 	275.58K 	-0.33%
2017年8月3日 	3,427.75 	3,435.17 	3,449.20 	3,416.44 	232.96K 	-0.37%
2017年8月2日 	3,440.49 	3,444.08 	3,461.85 	3,437.30 	266.36K 	-0.23%
2017年8月1日 	3,448.41 	3,429.20 	3,448.41 	3,428.30 	236.78K 	0.60%
2017年7月31日 	3,427.79 	3,406.52 	3,431.91 	3,404.89 	245.67K 	0.61%
2017年7月28日 	3,407.06 	3,393.41 	3,410.35 	3,385.81 	181.78K 	0.10%
2017年7月27日 	3,403.52 	3,397.25 	3,405.77 	3,372.95 	228.10K 	0.06%
2017年7月26日 	3,401.35 	3,397.98 	3,419.39 	3,380.75 	213.31K 	0.12%
2017年7月25日 	3,397.18 	3,402.87 	3,416.02 	3,386.11 	205.35K 	-0.21%
2017年7月24日 	3,404.40 	3,383.73 	3,415.44 	3,382.86 	232.69K 	0.39%
2017年7月21日 	3,391.18 	3,389.71 	3,401.39 	3,384.86 	205.67K 	-0.21%
2017年7月20日 	3,398.42 	3,380.19 	3,399.84 	3,378.00 	231.80K 	0.43%
2017年7月19日 	3,383.84 	3,331.90 	3,385.89 	3,330.14 	271.96K 	1.36%
2017年7月18日 	3,338.38 	3,309.24 	3,338.48 	3,299.12 	190.36K 	0.35%
2017年7月17日 	3,326.80 	3,372.08 	3,383.18 	3,287.93 	265.68K 	-1.42%
2017年7月14日 	3,374.82 	3,363.92 	3,375.42 	3,356.38 	159.97K 	0.13%
2017年7月13日 	3,370.35 	3,343.32 	3,371.51 	3,341.18 	195.03K 	0.65%
2017年7月12日 	3,348.75 	3,353.35 	3,367.26 	3,328.17 	186.66K 	-0.17%
2017年7月11日 	3,354.52 	3,352.85 	3,379.55 	3,350.47 	187.54K 	-0.30%
2017年7月10日 	3,364.53 	3,360.12 	3,375.74 	3,354.61 	198.55K 	-0.17%
2017年7月7日 	3,370.10 	3,355.28 	3,371.75 	3,346.33 	176.43K 	0.17%
2017年7月6日 	3,364.32 	3,355.33 	3,368.01 	3,339.49 	175.48K 	0.17%
2017年7月5日 	3,358.77 	3,329.52 	3,358.96 	3,324.78 	148.02K 	0.76%
2017年7月4日 	3,333.29 	3,343.86 	3,344.04 	3,324.37 	140.92K 	-0.41%
2017年7月3日 	3,347.04 	3,342.93 	3,347.43 	3,327.22 	140.13K 	0.11%
2017年6月30日 	3,343.39 	3,327.14 	3,344.25 	3,321.52 	121.26K 	0.14%
2017年6月29日 	3,338.81 	3,325.10 	3,339.57 	3,324.36 	128.53K 	0.47%
2017年6月28日 	3,323.24 	3,334.16 	3,344.49 	3,320.71 	146.38K 	-0.56%
2017年6月27日 	3,342.10 	3,333.95 	3,344.49 	3,322.46 	148.00K 	0.18%
2017年6月26日 	3,336.09 	3,306.32 	3,338.67 	3,306.28 	173.31K 	0.87%
2017年6月23日 	3,307.22 	3,286.81 	3,307.41 	3,265.48 	154.58K 	0.33%
2017年6月22日 	3,296.27 	3,301.28 	3,337.72 	3,295.41 	191.01K 	-0.28%
2017年6月21日 	3,305.45 	3,297.86 	3,306.30 	3,280.66 	136.51K 	0.52%
2017年6月20日 	3,288.44 	3,296.83 	3,299.39 	3,282.76 	141.05K 	-0.14%
2017年6月19日 	3,293.01 	3,269.71 	3,295.54 	3,269.33 	134.73K 	0.68%
2017年6月16日 	3,270.77 	3,274.13 	3,282.38 	3,265.19 	129.43K 	-0.30%
2017年6月15日 	3,280.55 	3,273.36 	3,285.94 	3,264.41 	146.78K 	0.06%
2017年6月14日 	3,278.70 	3,295.57 	3,298.11 	3,273.12 	138.12K 	-0.73%
2017年6月13日 	3,302.88 	3,282.20 	3,305.23 	3,279.08 	128.12K 	0.44%
2017年6月12日 	3,288.38 	3,298.41 	3,314.63 	3,283.59 	146.55K 	-0.58%
2017年6月9日 	3,307.72 	3,296.27 	3,315.61 	3,294.83 	159.87K 	0.26%
2017年6月8日 	3,299.29 	3,284.71 	3,302.37 	3,280.90 	152.09K 	0.32%
2017年6月7日 	3,288.76 	3,248.44 	3,289.24 	3,245.48 	172.91K 	1.23%
2017年6月6日 	3,248.82 	3,230.34 	3,249.59 	3,224.30 	113.34K 	0.34%
2017年6月5日 	3,237.81 	3,248.83 	3,252.39 	3,230.65 	132.45K 	-0.45%
2017年6月2日 	3,252.43 	3,240.62 	3,257.52 	3,227.63 	142.31K 	0.09%
2017年6月1日 	3,249.44 	3,255.34 	3,260.83 	3,244.13 	162.76K 	-0.46%
2017年5月31日 	3,264.54 	3,273.07 	3,291.86 	3,258.58 	152.62K 	0.23%
2017年5月26日 	3,257.06 	3,247.87 	3,268.20 	3,246.91 	155.78K 	0.07%
2017年5月25日 	3,254.73 	3,199.72 	3,261.97 	3,197.07 	191.13K 	1.43%
2017年5月24日 	3,208.90 	3,191.56 	3,209.67 	3,165.11 	139.58K 	0.07%
2017年5月23日 	3,206.67 	3,214.30 	3,229.91 	3,194.90 	178.02K 	-0.44%
2017年5月22日 	3,220.90 	3,232.85 	3,250.46 	3,207.75 	153.51K 	-0.48%
2017年5月19日 	3,236.48 	3,232.37 	3,241.57 	3,226.67 	129.53K 	0.02%
2017年5月18日 	3,235.97 	3,227.77 	3,249.94 	3,223.20 	148.48K 	-0.46%
2017年5月17日 	3,250.97 	3,254.53 	3,266.84 	3,247.67 	168.44K 	-0.28%
2017年5月16日 	3,259.96 	3,228.47 	3,260.54 	3,205.07 	173.49K 	0.73%
2017年5月15日 	3,236.20 	3,231.68 	3,245.27 	3,231.68 	135.52K 	0.22%
2017年5月12日 	3,229.13 	3,198.22 	3,236.43 	3,195.86 	159.48K 	0.72%
2017年5月11日 	3,205.98 	3,180.03 	3,208.18 	3,158.88 	191.03K 	0.29%
2017年5月10日 	3,196.82 	3,223.41 	3,236.68 	3,195.58 	160.57K 	-0.90%
2017年5月9日 	3,225.88 	3,209.45 	3,229.77 	3,200.78 	134.79K 	0.06%
2017年5月8日 	3,223.88 	3,235.78 	3,239.36 	3,212.37 	180.20K 	-0.79%
2017年5月5日 	3,249.40 	3,261.56 	3,264.57 	3,237.85 	175.76K 	-0.78%
2017年5月4日 	3,274.79 	3,274.54 	3,292.05 	3,258.04 	177.77K 	-0.26%
2017年5月3日 	3,283.19 	3,286.33 	3,296.80 	3,271.03 	163.55K 	-0.27%
2017年5月2日 	3,292.00 	3,295.65 	3,303.59 	3,284.45 	154.00K 	-0.35%
2017年4月28日 	3,303.44 	3,292.22 	3,303.51 	3,284.46 	162.66K 	0.08%
2017年4月27日 	3,300.81 	3,278.95 	3,303.78 	3,243.32 	211.46K 	0.36%
2017年4月26日 	3,288.93 	3,280.65 	3,301.67 	3,279.07 	169.63K 	0.20%
2017年4月25日 	3,282.38 	3,271.20 	3,293.59 	3,264.40 	153.18K 	0.16%
2017年4月24日 	3,277.11 	3,313.45 	3,313.45 	3,257.88 	186.00K 	-1.38%
2017年4月21日 	3,322.80 	3,319.81 	3,330.82 	3,307.56 	164.61K 	0.03%
2017年4月20日 	3,321.71 	3,314.95 	3,328.08 	3,296.64 	190.62K 	0.04%
2017年4月19日 	3,320.23 	3,334.84 	3,339.88 	3,295.47 	212.75K 	-0.81%
2017年4月18日 	3,347.48 	3,367.13 	3,377.21 	3,347.24 	188.46K 	-0.79%
2017年4月17日 	3,374.24 	3,382.38 	3,382.38 	3,350.89 	212.46K 	-0.74%
2017年4月14日 	3,399.31 	3,430.80 	3,431.39 	3,391.77 	214.16K 	-0.91%
2017年4月13日 	3,430.61 	3,419.32 	3,436.02 	3,415.41 	207.13K 	0.07%
2017年4月12日 	3,428.37 	3,438.87 	3,440.03 	3,416.24 	269.07K 	-0.46%
2017年4月11日 	3,444.26 	3,420.36 	3,445.77 	3,397.55 	280.84K 	0.60%
2017年4月10日 	3,423.69 	3,440.55 	3,440.55 	3,419.10 	232.35K 	-0.53%
2017年4月7日 	3,441.76 	3,435.47 	3,450.76 	3,429.64 	235.81K 	0.17%
2017年4月6日 	3,435.87 	3,426.60 	3,441.82 	3,419.87 	244.90K 	0.33%
2017年4月5日 	3,424.61 	3,388.45 	3,424.97 	3,385.84 	247.65K 	1.48%
2017年3月31日 	3,374.66 	3,357.60 	3,378.56 	3,356.82 	196.07K 	0.38%
2017年3月30日 	3,361.79 	3,387.87 	3,392.99 	3,346.74 	246.53K 	-0.96%
2017年3月29日 	3,394.35 	3,406.42 	3,416.12 	3,385.87 	215.58K 	-0.36%
2017年3月28日 	3,406.50 	3,419.82 	3,419.82 	3,399.31 	161.47K 	-0.43%
2017年3月27日 	3,421.20 	3,423.21 	3,438.23 	3,416.11 	201.40K 	-0.08%
2017年3月24日 	3,423.77 	3,400.59 	3,429.83 	3,394.04 	219.25K 	0.65%
2017年3月23日 	3,401.82 	3,398.75 	3,415.81 	3,374.09 	191.83K 	0.11%
2017年3月22日 	3,398.11 	3,399.13 	3,409.17 	3,381.24 	189.33K 	-0.50%
2017年3月21日 	3,415.28 	3,403.38 	3,415.92 	3,399.64 	162.48K 	0.33%
2017年3月20日 	3,403.97 	3,393.79 	3,404.31 	3,380.18 	170.32K 	0.41%
2017年3月17日 	3,389.95 	3,426.09 	3,428.51 	3,384.53 	200.16K 	-0.97%
2017年3月16日 	3,423.01 	3,400.24 	3,423.89 	3,400.24 	189.03K 	0.84%
2017年3月15日 	3,394.59 	3,387.87 	3,396.62 	3,379.85 	143.73K 	0.08%
2017年3月14日 	3,392.00 	3,387.70 	3,399.33 	3,383.81 	146.56K 	0.07%
2017年3月13日 	3,389.56 	3,360.62 	3,389.66 	3,343.54 	163.44K 	0.76%
2017年3月10日 	3,364.10 	3,365.15 	3,374.16 	3,359.57 	136.48K 	-0.13%
2017年3月9日 	3,368.32 	3,386.10 	3,386.28 	3,356.28 	167.12K 	-0.74%
2017年3月8日 	3,393.41 	3,393.24 	3,398.27 	3,382.84 	160.46K 	-0.05%
2017年3月7日 	3,395.20 	3,385.40 	3,395.46 	3,378.84 	163.82K 	0.27%
2017年3月6日 	3,386.21 	3,368.90 	3,387.04 	3,366.51 	155.79K 	0.48%
2017年3月3日 	3,369.93 	3,370.85 	3,372.90 	3,357.65 	156.77K 	-0.36%
2017年3月2日 	3,382.21 	3,403.65 	3,410.27 	3,380.77 	180.89K 	-0.52%
2017年3月1日 	3,399.89 	3,392.75 	3,413.58 	3,390.44 	190.18K 	0.16%
2017年2月28日 	3,394.50 	3,377.99 	3,395.49 	3,377.99 	150.92K 	0.40%
2017年2月27日 	3,380.82 	3,402.34 	3,404.92 	3,376.02 	182.18K 	-0.76%
2017年2月24日 	3,406.79 	3,399.85 	3,407.35 	3,385.86 	185.92K 	0.06%
2017年2月23日 	3,404.59 	3,412.43 	3,417.95 	3,388.84 	208.72K 	-0.30%
2017年2月22日 	3,414.94 	3,405.98 	3,415.11 	3,396.71 	206.97K 	0.24%
2017年2月21日 	3,406.65 	3,395.03 	3,407.74 	3,392.58 	211.13K 	0.41%
2017年2月20日 	3,392.65 	3,349.69 	3,394.22 	3,349.69 	231.57K 	1.18%
2017年2月17日 	3,352.96 	3,379.86 	3,391.07 	3,350.18 	225.85K 	-0.85%
2017年2月16日 	3,381.87 	3,361.64 	3,382.56 	3,358.94 	216.51K 	0.52%
2017年2月15日 	3,364.40 	3,367.01 	3,388.52 	3,357.66 	240.99K 	-0.15%
2017年2月14日 	3,369.60 	3,367.71 	3,371.15 	3,356.34 	188.45K 	0.03%
2017年2月13日 	3,368.46 	3,349.79 	3,371.16 	3,349.79 	219.82K 	0.63%
2017年2月10日 	3,347.39 	3,333.04 	3,356.14 	3,332.83 	238.91K 	0.42%
2017年2月9日 	3,333.23 	3,313.85 	3,337.10 	3,311.64 	191.32K 	0.51%
2017年2月8日 	3,316.27 	3,296.45 	3,316.75 	3,279.63 	144.68K 	0.44%
2017年2月7日 	3,301.70 	3,303.09 	3,308.47 	3,288.01 	128.16K 	-0.12%
2017年2月6日 	3,305.80 	3,291.26 	3,307.76 	3,283.17 	126.98K 	0.54%
2017年2月3日 	3,288.17 	3,309.01 	3,311.75 	3,283.81 	91.94K 	-0.60%
2017年1月26日 	3,308.06 	3,297.61 	3,312.19 	3,297.30 	113.60K 	0.31%
2017年1月25日 	3,297.96 	3,285.47 	3,299.99 	3,280.79 	111.96K 	0.22%
2017年1月24日 	3,290.62 	3,282.27 	3,297.96 	3,278.71 	125.75K 	0.18%
2017年1月23日 	3,284.57 	3,272.73 	3,294.09 	3,272.73 	132.43K 	0.44%
2017年1月20日 	3,270.33 	3,241.72 	3,272.95 	3,241.08 	122.15K 	0.70%
2017年1月19日 	3,247.48 	3,251.33 	3,262.69 	3,239.83 	123.67K 	-0.38%
2017年1月18日 	3,259.77 	3,251.12 	3,271.00 	3,244.65 	131.55K 	0.14%
2017年1月17日 	3,255.33 	3,232.55 	3,255.47 	3,217.13 	135.83K 	0.17%
2017年1月16日 	3,249.77 	3,250.59 	3,251.58 	3,187.78 	257.21K 	-0.29%
2017年1月13日 	3,259.27 	3,262.67 	3,277.85 	3,248.13 	156.01K 	-0.21%
2017年1月12日 	3,266.04 	3,281.06 	3,292.99 	3,262.56 	148.67K 	-0.56%
2017年1月11日 	3,284.37 	3,305.26 	3,316.15 	3,283.86 	178.07K 	-0.79%
2017年1月10日 	3,310.49 	3,316.68 	3,324.03 	3,305.93 	179.47K 	-0.30%
2017年1月9日 	3,320.53 	3,296.70 	3,322.54 	3,295.88 	171.44K 	0.54%
2017年1月6日 	3,302.79 	3,312.68 	3,321.36 	3,301.41 	183.39K 	-0.35%
2017年1月5日 	3,314.39 	3,306.51 	3,317.63 	3,302.70 	174.40K 	0.21%
2017年1月4日 	3,307.45 	3,281.21 	3,308.83 	3,277.35 	167.46K 	0.73%
2017年1月3日 	3,283.45 	3,251.35 	3,284.02 	3,251.35 	141.26K 	1.04%
2016年12月30日 	3,249.59 	3,242.99 	3,255.04 	3,235.27 	133.05K 	0.24%
2016年12月29日 	3,241.67 	3,241.42 	3,258.15 	3,232.49 	132.43K 	-0.20%
2016年12月28日 	3,248.14 	3,260.17 	3,265.45 	3,240.06 	135.51K 	-0.40%
2016年12月27日 	3,261.11 	3,264.00 	3,275.02 	3,260.15 	141.31K 	-0.25%
2016年12月26日 	3,269.44 	3,241.13 	3,269.77 	3,212.59 	152.32K 	0.40%
2016年12月23日 	3,256.41 	3,282.36 	3,286.02 	3,249.69 	165.88K 	-0.94%
2016年12月22日 	3,287.22 	3,279.50 	3,291.01 	3,273.94 	167.46K 	0.07%
2016年12月21日 	3,285.04 	3,253.36 	3,288.01 	3,253.36 	186.46K 	1.12%
2016年12月20日 	3,248.78 	3,262.39 	3,263.56 	3,229.80 	157.15K 	-0.49%
2016年12月19日 	3,264.67 	3,267.33 	3,272.17 	3,256.22 	153.74K 	-0.16%
2016年12月16日 	3,269.75 	3,257.74 	3,275.95 	3,252.31 	164.55K 	0.17%
2016年12月15日 	3,264.22 	3,272.73 	3,286.42 	3,246.62 	189.58K 	-0.73%
2016年12月14日 	3,288.25 	3,297.57 	3,319.20 	3,283.90 	200.89K 	-0.46%
2016年12月13日 	3,303.52 	3,286.72 	3,311.35 	3,265.41 	184.77K 	0.06%
2016年12月12日 	3,301.41 	3,385.98 	3,397.98 	3,298.18 	274.11K 	-2.47%
2016年12月9日 	3,385.15 	3,360.38 	3,397.66 	3,357.98 	203.76K 	0.55%
2016年12月8日 	3,366.70 	3,377.39 	3,380.09 	3,362.63 	170.44K 	-0.21%
2016年12月7日 	3,373.92 	3,349.02 	3,374.12 	3,339.57 	168.82K 	0.71%
2016年12月6日 	3,350.25 	3,352.81 	3,366.71 	3,346.98 	157.27K 	-0.16%
2016年12月5日 	3,355.63 	3,354.64 	3,371.14 	3,345.30 	222.72K 	-1.21%
2016年12月2日 	3,396.71 	3,424.29 	3,434.36 	3,387.70 	259.31K 	-0.90%
2016年12月1日 	3,427.64 	3,410.56 	3,434.32 	3,409.72 	237.56K 	0.72%
2016年11月30日 	3,403.22 	3,426.41 	3,431.81 	3,392.18 	243.18K 	-1.00%
2016年11月29日 	3,437.75 	3,423.18 	3,456.92 	3,417.07 	320.35K 	0.19%
2016年11月28日 	3,431.35 	3,424.06 	3,443.26 	3,421.55 	281.24K 	0.46%
2016年11月25日 	3,415.54 	3,393.81 	3,416.07 	3,360.65 	233.52K 	0.63%
2016年11月24日 	3,394.32 	3,389.77 	3,411.22 	3,385.01 	232.01K 	0.02%
2016年11月23日 	3,393.66 	3,400.76 	3,416.44 	3,383.64 	249.59K 	-0.22%
2016年11月22日 	3,401.19 	3,372.50 	3,402.58 	3,372.50 	261.17K 	0.94%
2016年11月21日 	3,369.53 	3,338.41 	3,381.70 	3,338.20 	230.23K 	0.79%
2016年11月18日 	3,342.99 	3,357.99 	3,363.46 	3,337.37 	209.37K 	-0.49%
2016年11月17日 	3,359.30 	3,348.82 	3,362.02 	3,337.01 	213.73K 	0.11%
2016年11月16日 	3,355.71 	3,359.37 	3,361.88 	3,345.59 	221.21K 	-0.06%
2016年11月15日 	3,357.77 	3,360.92 	3,365.46 	3,345.23 	240.32K 	-0.11%
2016年11月14日 	3,361.35 	3,337.57 	3,372.97 	3,336.62 	328.97K 	0.45%
2016年11月11日 	3,346.31 	3,318.42 	3,353.34 	3,314.92 	310.17K 	0.78%
2016年11月10日 	3,320.40 	3,296.66 	3,321.47 	3,296.66 	243.63K 	1.37%
2016年11月9日 	3,275.47 	3,294.02 	3,294.93 	3,242.51 	240.68K 	-0.62%
2016年11月8日 	3,295.92 	3,288.65 	3,305.34 	3,282.33 	190.47K 	0.47%
2016年11月7日 	3,280.65 	3,271.80 	3,286.81 	3,263.64 	179.10K 	0.26%
2016年11月4日 	3,272.24 	3,273.34 	3,289.04 	3,266.19 	197.34K 	-0.12%
2016年11月3日 	3,276.06 	3,242.29 	3,288.62 	3,239.51 	222.49K 	0.85%
2016年11月2日 	3,248.57 	3,262.20 	3,265.61 	3,245.51 	182.39K 	-0.63%
2016年11月1日 	3,269.24 	3,247.48 	3,269.43 	3,242.62 	159.90K 	0.71%
2016年10月31日 	3,246.25 	3,242.73 	3,248.14 	3,225.90 	151.17K 	-0.12%
2016年10月28日 	3,250.16 	3,257.88 	3,275.67 	3,246.97 	181.42K 	-0.26%
2016年10月27日 	3,258.56 	3,258.84 	3,261.10 	3,246.04 	157.64K 	-0.13%
2016年10月26日 	3,262.73 	3,276.91 	3,276.91 	3,256.51 	191.28K 	-0.50%
2016年10月25日 	3,279.10 	3,274.96 	3,279.73 	3,267.69 	202.85K 	0.12%
2016年10月24日 	3,275.26 	3,237.44 	3,284.49 	3,236.03 	239.88K 	1.20%
2016年10月21日 	3,236.31 	3,226.14 	3,247.64 	3,213.54 	186.82K 	0.21%
2016年10月20日 	3,229.37 	3,229.88 	3,234.88 	3,220.82 	160.32K 	-0.01%
2016年10月19日 	3,229.68 	3,230.70 	3,241.64 	3,221.33 	181.74K 	0.03%
2016年10月18日 	3,228.73 	3,180.18 	3,229.06 	3,180.18 	181.03K 	1.40%
2016年10月17日 	3,184.15 	3,208.09 	3,212.41 	3,176.41 	162.01K 	-0.72%
2016年10月14日 	3,207.16 	3,199.96 	3,208.19 	3,185.53 	155.05K 	0.08%
2016年10月13日 	3,204.53 	3,201.04 	3,208.37 	3,195.41 	154.34K 	0.09%
2016年10月12日 	3,201.59 	3,200.34 	3,203.70 	3,191.51 	142.13K 	-0.22%
2016年10月11日 	3,208.67 	3,194.37 	3,209.56 	3,190.58 	166.76K 	0.56%
2016年10月10日 	3,190.72 	3,161.69 	3,190.82 	3,155.55 	159.52K 	1.45%
2016年9月30日 	3,145.17 	3,134.22 	3,149.90 	3,132.97 	100.98K 	0.21%
2016年9月29日 	3,138.66 	3,132.10 	3,149.93 	3,131.83 	112.79K 	0.35%
2016年9月28日 	3,127.59 	3,141.13 	3,141.13 	3,123.88 	104.28K 	-0.35%
2016年9月27日 	3,138.47 	3,113.75 	3,138.53 	3,108.02 	121.38K 	0.60%
2016年9月26日 	3,119.87 	3,169.95 	3,169.95 	3,119.54 	143.85K 	-1.76%
2016年9月23日 	3,175.88 	3,187.27 	3,189.38 	3,174.73 	125.11K 	-0.28%
2016年9月22日 	3,184.67 	3,180.62 	3,197.38 	3,177.07 	138.96K 	0.54%
2016年9月21日 	3,167.45 	3,162.94 	3,174.35 	3,158.71 	115.49K 	0.10%
2016年9月20日 	3,164.44 	3,168.81 	3,169.49 	3,156.96 	118.74K 	-0.10%
2016年9月19日 	3,167.63 	3,145.90 	3,168.25 	3,145.90 	119.02K 	0.77%
2016年9月14日 	3,143.28 	3,149.65 	3,159.14 	3,135.50 	133.14K 	-0.69%
2016年9月13日 	3,165.00 	3,166.64 	3,171.52 	3,149.50 	135.18K 	0.05%
2016年9月12日 	3,163.43 	3,179.66 	3,183.28 	3,140.26 	205.41K 	-1.85%
2016年9月9日 	3,223.02 	3,240.41 	3,247.09 	3,222.35 	160.36K 	-0.55%
2016年9月8日 	3,240.97 	3,234.69 	3,241.84 	3,228.33 	145.63K 	0.13%
2016年9月7日 	3,236.77 	3,236.15 	3,251.19 	3,232.52 	186.58K 	0.04%
2016年9月6日 	3,235.51 	3,214.92 	3,240.57 	3,196.18 	172.62K 	0.61%
2016年9月5日 	3,216.02 	3,214.56 	3,230.05 	3,208.90 	144.77K 	0.15%
2016年9月2日 	3,211.05 	3,200.69 	3,216.46 	3,193.35 	150.26K 	0.13%
2016年9月1日 	3,206.79 	3,228.45 	3,233.43 	3,206.35 	154.96K 	-0.72%
2016年8月31日 	3,230.05 	3,216.87 	3,232.37 	3,206.88 	141.10K 	0.35%
2016年8月30日 	3,218.71 	3,215.31 	3,227.43 	3,209.57 	140.22K 	0.15%
2016年8月29日 	3,213.82 	3,212.20 	3,218.98 	3,202.03 	144.27K 	-0.01%
2016年8月26日 	3,214.14 	3,213.69 	3,232.34 	3,207.41 	149.39K 	0.06%
2016年8月25日 	3,212.09 	3,217.45 	3,217.45 	3,183.98 	173.66K 	-0.57%
2016年8月24日 	3,230.51 	3,236.94 	3,242.30 	3,223.86 	145.41K 	-0.12%
2016年8月23日 	3,234.51 	3,225.95 	3,246.45 	3,217.54 	161.12K 	0.16%
2016年8月22日 	3,229.34 	3,253.02 	3,258.64 	3,228.08 	185.05K 	-0.75%
2016年8月19日 	3,253.77 	3,245.66 	3,259.28 	3,227.20 	194.10K 	0.13%
2016年8月18日 	3,249.58 	3,253.43 	3,272.14 	3,238.24 	228.92K 	-0.18%
2016年8月17日 	3,255.33 	3,252.64 	3,260.26 	3,235.11 	213.52K 	-0.02%
2016年8月16日 	3,255.83 	3,277.42 	3,287.77 	3,247.48 	277.79K 	-0.49%
2016年8月15日 	3,271.81 	3,199.85 	3,284.70 	3,197.08 	296.91K 	2.44%
2016年8月12日 	3,193.74 	3,140.86 	3,194.14 	3,139.56 	167.96K 	1.60%
2016年8月11日 	3,143.34 	3,154.86 	3,180.46 	3,141.80 	161.66K 	-0.53%
2016年8月10日 	3,160.19 	3,165.13 	3,175.33 	3,158.45 	164.44K 	-0.23%
2016年8月9日 	3,167.45 	3,141.88 	3,167.69 	3,139.12 	169.72K 	0.71%
2016年8月8日 	3,145.01 	3,111.81 	3,145.47 	3,097.56 	155.38K 	0.93%
2016年8月5日 	3,116.08 	3,118.28 	3,131.82 	3,110.70 	141.64K 	-0.19%
2016年8月4日 	3,122.11 	3,115.83 	3,122.56 	3,097.50 	133.69K 	0.13%
2016年8月3日 	3,117.99 	3,102.03 	3,120.83 	3,095.29 	140.74K 	0.24%
2016年8月2日 	3,110.51 	3,088.28 	3,110.51 	3,084.67 	115.14K 	0.61%
2016年8月1日 	3,091.75 	3,111.14 	3,112.14 	3,069.31 	146.89K 	-0.87%
2016年7月29日 	3,118.90 	3,132.65 	3,140.56 	3,112.15 	149.60K 	-0.50%
2016年7月28日 	3,134.53 	3,119.99 	3,144.03 	3,107.15 	189.77K 	0.08%
2016年7月27日 	3,132.09 	3,193.18 	3,200.58 	3,076.74 	279.15K 	-1.91%
2016年7月26日 	3,192.99 	3,155.08 	3,193.46 	3,154.83 	156.35K 	1.14%
2016年7月25日 	3,156.97 	3,148.84 	3,168.81 	3,143.81 	143.95K 	0.10%
2016年7月22日 	3,153.80 	3,180.32 	3,181.52 	3,148.16 	161.75K 	-0.86%
2016年7月21日 	3,181.26 	3,169.33 	3,196.30 	3,169.08 	163.41K 	0.37%
2016年7月20日 	3,169.64 	3,176.80 	3,185.48 	3,164.10 	138.00K 	-0.29%
2016年7月19日 	3,178.79 	3,182.61 	3,186.15 	3,155.38 	155.09K 	-0.23%
2016年7月18日 	3,186.11 	3,190.35 	3,201.58 	3,173.58 	177.20K 	-0.35%
2016年7月15日 	3,197.33 	3,199.83 	3,206.11 	3,187.07 	172.48K 	0.01%
2016年7月14日 	3,197.07 	3,198.01 	3,200.20 	3,178.69 	179.89K 	-0.22%
2016年7月13日 	3,204.03 	3,192.32 	3,212.82 	3,190.92 	253.30K 	0.37%
2016年7月12日 	3,192.18 	3,132.51 	3,192.50 	3,124.05 	258.98K 	1.82%
2016年7月11日 	3,135.03 	3,133.80 	3,164.41 	3,130.82 	223.93K 	0.23%
2016年7月8日 	3,127.86 	3,140.67 	3,141.96 	3,123.43 	168.72K 	-0.96%
2016年7月7日 	3,158.02 	3,150.08 	3,165.64 	3,134.72 	222.26K 	-0.01%
2016年7月6日 	3,158.43 	3,138.71 	3,158.81 	3,124.36 	211.99K 	0.36%
2016年7月5日 	3,147.00 	3,131.64 	3,151.08 	3,130.45 	234.78K 	0.60%
2016年7月4日 	3,128.33 	3,060.91 	3,132.41 	3,059.05 	221.44K 	1.92%
2016年7月1日 	3,069.50 	3,068.80 	3,082.62 	3,062.52 	140.97K 	0.10%
2016年6月30日 	3,066.50 	3,068.46 	3,075.45 	3,058.85 	154.19K 	-0.07%
2016年6月29日 	3,068.58 	3,054.90 	3,071.10 	3,051.22 	192.80K 	0.65%
2016年6月28日 	3,048.62 	3,019.76 	3,049.70 	3,013.26 	173.42K 	0.58%
2016年6月27日 	3,030.98 	2,973.18 	3,031.00 	2,972.89 	156.27K 	1.45%
2016年6月24日 	2,987.58 	3,018.46 	3,035.02 	2,938.61 	190.29K 	-1.30%
2016年6月23日 	3,027.08 	3,038.06 	3,039.83 	3,013.15 	135.80K 	-0.47%
2016年6月22日 	3,041.36 	3,006.97 	3,041.81 	3,003.60 	130.25K 	0.94%
2016年6月21日 	3,013.08 	3,033.86 	3,055.75 	3,003.24 	163.99K 	-0.36%
2016年6月20日 	3,023.84 	3,022.55 	3,026.83 	2,997.86 	136.33K 	0.13%
2016年6月17日 	3,019.90 	3,007.20 	3,035.79 	3,006.33 	171.12K 	0.43%
2016年6月16日 	3,007.00 	3,012.75 	3,022.64 	2,999.21 	173.66K 	-0.50%
2016年6月15日 	3,022.01 	2,946.03 	3,029.41 	2,943.02 	166.30K 	1.59%
2016年6月14日 	2,974.84 	2,955.99 	2,976.13 	2,953.69 	119.48K 	0.32%
2016年6月13日 	2,965.26 	3,032.39 	3,047.03 	2,964.66 	168.73K 	-3.21%
2016年6月8日 	3,063.75 	3,069.25 	3,075.13 	3,044.08 	142.74K 	-0.30%
2016年6月7日 	3,073.11 	3,073.36 	3,075.61 	3,059.95 	132.81K 	0.07%
2016年6月6日 	3,071.06 	3,078.29 	3,083.45 	3,058.67 	141.71K 	-0.16%
2016年6月3日 	3,075.87 	3,066.57 	3,083.04 	3,051.25 	171.69K 	0.46%
2016年6月2日 	3,061.77 	3,047.11 	3,062.23 	3,042.19 	159.42K 	0.40%
2016年6月1日 	3,049.51 	3,053.34 	3,065.84 	3,045.32 	187.97K 	-0.11%
2016年5月31日 	3,052.77 	2,954.45 	3,053.33 	2,954.45 	214.22K 	3.33%
2016年5月30日 	2,954.32 	2,946.06 	2,963.20 	2,925.11 	106.11K 	0.05%
2016年5月27日 	2,952.78 	2,949.58 	2,965.10 	2,941.02 	109.60K 	-0.05%
2016年5月26日 	2,954.28 	2,944.90 	2,959.10 	2,910.60 	114.38K 	0.26%
2016年5月25日 	2,946.50 	2,967.42 	2,975.90 	2,938.82 	103.25K 	-0.23%
2016年5月24日 	2,953.42 	2,972.23 	2,972.24 	2,938.23 	111.28K 	-0.77%
2016年5月23日 	2,976.41 	2,958.29 	2,981.02 	2,958.23 	120.17K 	0.64%
2016年5月20日 	2,957.44 	2,923.24 	2,957.92 	2,915.10 	108.28K 	0.66%
2016年5月19日 	2,937.95 	2,932.86 	2,961.22 	2,932.06 	111.15K 	-0.01%
2016年5月18日 	2,938.32 	2,959.62 	2,959.70 	2,910.94 	139.86K 	-1.27%
2016年5月17日 	2,976.01 	2,983.59 	2,993.46 	2,964.26 	123.14K 	-0.25%
2016年5月16日 	2,983.53 	2,947.80 	2,983.91 	2,935.45 	114.38K 	0.84%
2016年5月13日 	2,958.66 	2,960.02 	2,982.68 	2,945.02 	114.03K 	-0.31%
2016年5月12日 	2,967.79 	2,942.76 	2,971.37 	2,910.50 	135.87K 	-0.04%
2016年5月11日 	2,968.93 	2,975.60 	2,990.07 	2,949.58 	135.31K 	0.16%
2016年5月10日 	2,964.10 	2,953.27 	2,977.36 	2,951.02 	120.45K 	0.02%
2016年5月9日 	2,963.54 	3,030.66 	3,030.66 	2,952.74 	179.70K 	-2.79%
2016年5月6日 	3,048.58 	3,137.86 	3,143.28 	3,048.35 	206.20K 	-2.83%
2016年5月5日 	3,137.26 	3,125.89 	3,138.60 	3,115.61 	144.51K 	0.22%
2016年5月4日 	3,130.36 	3,121.69 	3,144.14 	3,116.76 	165.04K 	-0.05%
2016年5月3日 	3,131.79 	3,077.04 	3,132.72 	3,065.94 	168.21K 	1.85%
2016年4月29日 	3,074.87 	3,071.78 	3,087.74 	3,066.53 	109.08K 	-0.25%
2016年4月28日 	3,082.51 	3,093.15 	3,097.11 	3,051.91 	138.28K 	-0.27%
2016年4月27日 	3,090.98 	3,105.18 	3,114.42 	3,086.52 	130.53K 	-0.37%
2016年4月26日 	3,102.56 	3,081.61 	3,103.32 	3,070.34 	117.41K 	0.61%
2016年4月25日 	3,083.67 	3,087.11 	3,091.46 	3,052.59 	125.50K 	-0.43%
2016年4月22日 	3,096.84 	3,069.37 	3,097.86 	3,062.81 	136.87K 	0.21%
2016年4月21日 	3,090.22 	3,091.72 	3,129.82 	3,080.27 	188.78K 	-0.66%
2016年4月20日 	3,110.86 	3,192.31 	3,197.88 	3,040.00 	282.06K 	-2.31%
2016年4月19日 	3,184.38 	3,188.90 	3,196.61 	3,165.57 	156.08K 	0.30%
2016年4月18日 	3,174.76 	3,200.71 	3,200.71 	3,163.54 	182.81K 	-1.45%
2016年4月15日 	3,221.34 	3,228.60 	3,233.76 	3,209.54 	189.18K 	-0.14%
2016年4月14日 	3,225.79 	3,223.43 	3,230.35 	3,199.19 	207.70K 	0.51%
2016年4月13日 	3,209.32 	3,182.85 	3,241.33 	3,182.85 	309.04K 	1.42%
2016年4月12日 	3,164.25 	3,172.30 	3,178.08 	3,140.86 	182.27K 	-0.34%
2016年4月11日 	3,175.09 	3,146.76 	3,190.82 	3,146.76 	219.41K 	1.64%
2016年4月8日 	3,123.71 	3,127.06 	3,135.44 	3,098.03 	187.22K 	-0.78%
2016年4月7日 	3,148.26 	3,200.65 	3,204.86 	3,146.85 	220.27K 	-1.39%
2016年4月6日 	3,192.50 	3,181.13 	3,202.15 	3,169.87 	231.64K 	-0.08%
2016年4月5日 	3,195.12 	3,140.45 	3,199.60 	3,132.28 	255.97K 	1.45%
2016年4月1日 	3,149.47 	3,136.40 	3,149.63 	3,093.62 	205.90K 	0.19%
2016年3月31日 	3,143.56 	3,149.28 	3,164.01 	3,132.04 	219.79K 	0.11%
2016年3月30日 	3,140.13 	3,077.88 	3,140.62 	3,077.88 	209.58K 	2.77%
2016年3月29日 	3,055.43 	3,094.07 	3,099.83 	3,040.15 	182.31K 	-1.29%
2016年3月28日 	3,095.22 	3,126.92 	3,148.00 	3,085.48 	201.32K 	-0.73%
2016年3月25日 	3,117.93 	3,093.62 	3,120.03 	3,089.31 	174.55K 	0.62%
2016年3月24日 	3,098.61 	3,125.65 	3,137.59 	3,098.15 	236.29K 	-1.63%
2016年3月23日 	3,149.97 	3,130.29 	3,152.71 	3,119.45 	216.30K 	0.35%
2016年3月22日 	3,138.89 	3,141.25 	3,159.59 	3,127.42 	269.54K 	-0.65%
2016年3月21日 	3,159.28 	3,116.99 	3,169.28 	3,111.99 	351.22K 	2.16%
2016年3月18日 	3,092.59 	3,051.19 	3,109.82 	3,044.05 	311.96K 	1.73%
2016年3月17日 	3,039.98 	3,009.25 	3,056.94 	2,990.07 	199.65K 	1.20%
2016年3月16日 	3,004.02 	2,991.55 	3,015.62 	2,986.81 	186.01K 	0.22%
2016年3月15日 	2,997.51 	2,986.58 	2,999.01 	2,950.72 	162.87K 	0.17%
2016年3月14日 	2,992.38 	2,961.67 	3,024.15 	2,954.21 	194.02K 	1.75%
2016年3月11日 	2,940.94 	2,910.84 	2,946.48 	2,901.35 	126.93K 	0.20%
2016年3月10日 	2,935.11 	2,980.05 	2,996.38 	2,933.79 	138.61K 	-2.03%
2016年3月9日 	2,995.81 	2,971.39 	2,996.29 	2,942.41 	182.85K 	-1.34%
2016年3月8日 	3,036.43 	3,030.41 	3,037.73 	2,932.78 	232.77K 	0.14%
2016年3月7日 	3,032.19 	3,021.06 	3,047.41 	3,004.95 	216.91K 	0.80%
2016年3月4日 	3,007.99 	2,980.92 	3,014.45 	2,939.45 	311.75K 	0.51%
2016年3月3日 	2,992.71 	2,979.62 	3,012.23 	2,972.85 	286.64K 	0.36%
2016年3月2日 	2,982.09 	2,860.72 	2,985.26 	2,859.44 	269.87K 	4.27%
2016年3月1日 	2,860.09 	2,813.18 	2,875.18 	2,792.61 	186.51K 	1.68%
2016年2月29日 	2,812.80 	2,882.58 	2,883.76 	2,761.42 	206.35K 	-2.86%
2016年2月26日 	2,895.60 	2,888.18 	2,914.00 	2,841.80 	190.24K 	0.95%
2016年2月25日 	2,868.49 	3,057.95 	3,057.95 	2,856.58 	268.60K 	-6.41%
2016年2月24日 	3,064.93 	3,024.05 	3,065.95 	3,005.61 	212.48K 	0.88%
2016年2月23日 	3,038.16 	3,061.63 	3,064.07 	3,005.61 	199.05K 	-0.82%
2016年2月22日 	3,063.17 	3,022.77 	3,070.30 	3,014.09 	231.14K 	2.35%
2016年2月19日 	2,992.80 	2,987.39 	3,006.12 	2,972.32 	162.68K 	-0.10%
2016年2月18日 	2,995.79 	3,015.70 	3,027.62 	2,990.35 	218.11K 	-0.16%
2016年2月17日 	3,000.55 	2,961.18 	3,002.00 	2,955.50 	216.07K 	1.09%
2016年2月16日 	2,968.33 	2,886.57 	2,972.57 	2,886.57 	195.09K 	3.30%
2016年2月15日 	2,873.57 	2,809.39 	2,888.41 	2,806.38 	128.60K 	-0.62%
2016年2月5日 	2,891.62 	2,912.21 	2,919.47 	2,890.22 	140.46K 	-0.63%
2016年2月4日 	2,910.08 	2,879.12 	2,922.96 	2,878.99 	169.51K 	1.53%
2016年2月3日 	2,866.36 	2,845.75 	2,873.51 	2,821.96 	147.76K 	-0.38%
2016年2月2日 	2,877.21 	2,812.78 	2,883.09 	2,812.78 	157.27K 	2.26%
2016年2月1日 	2,813.68 	2,857.81 	2,862.28 	2,778.83 	155.63K 	-1.78%
2016年1月29日 	2,864.76 	2,776.01 	2,883.41 	2,772.77 	185.64K 	3.09%
2016年1月28日 	2,778.98 	2,837.17 	2,867.92 	2,770.41 	170.19K 	-2.93%
2016年1月27日 	2,862.75 	2,884.30 	2,897.56 	2,760.92 	214.37K 	-0.52%
2016年1月26日 	2,877.70 	3,043.11 	3,047.64 	2,871.46 	209.56K 	-6.43%
2016年1月25日 	3,075.42 	3,070.80 	3,093.49 	3,047.45 	152.16K 	0.75%
2016年1月22日 	3,052.47 	3,046.83 	3,068.01 	2,984.58 	158.77K 	1.25%
2016年1月21日 	3,014.71 	3,071.03 	3,138.52 	3,014.29 	190.39K 	-3.23%
2016年1月20日 	3,115.34 	3,132.30 	3,156.71 	3,089.37 	215.25K 	-1.03%
2016年1月19日 	3,147.73 	3,050.11 	3,152.28 	3,041.64 	203.97K 	3.22%
2016年1月18日 	3,049.49 	2,980.09 	3,082.61 	2,977.17 	163.75K 	0.44%
2016年1月15日 	3,036.04 	3,127.30 	3,141.61 	3,018.13 	197.49K 	-3.55%
2016年1月14日 	3,147.86 	3,008.11 	3,152.70 	3,001.36 	211.56K 	1.96%
2016年1月13日 	3,087.20 	3,183.09 	3,201.75 	3,086.88 	193.07K 	-2.43%
2016年1月12日 	3,164.07 	3,167.63 	3,190.03 	3,117.58 	206.45K 	0.20%
2016年1月11日 	3,157.71 	3,277.78 	3,313.91 	3,157.70 	269.44K 	-5.31%
2016年1月8日 	3,334.93 	3,343.44 	3,386.28 	3,199.25 	284.45K 	1.96%
2016年1月7日 	3,270.71 	3,463.89 	3,463.89 	3,261.16 	70.08K 	-7.04%
2016年1月6日 	3,518.54 	3,444.44 	3,519.73 	3,442.20 	237.26K 	2.26%
2016年1月5日 	3,440.79 	3,345.62 	3,483.12 	3,338.10 	264.81K 	-0.27%
2016年1月4日 	3,450.03 	3,701.58 	3,703.78 	3,449.50 	182.82K 	-6.86%
2015年12月31日 	3,704.29 	3,737.15 	3,747.76 	3,703.42 	175.81K 	-0.95%
2015年12月30日 	3,739.70 	3,733.54 	3,740.48 	3,703.53 	185.56K 	0.25%
2015年12月29日 	3,730.41 	3,693.82 	3,730.86 	3,680.26 	179.85K 	0.84%
2015年12月28日 	3,699.30 	3,805.15 	3,811.22 	3,699.30 	265.86K 	-2.57%
2015年12月25日 	3,796.96 	3,782.72 	3,804.72 	3,769.62 	196.80K 	0.42%
2015年12月24日 	3,781.10 	3,800.91 	3,810.21 	3,739.05 	226.18K 	-0.65%
2015年12月23日 	3,805.92 	3,824.01 	3,856.74 	3,802.69 	296.42K 	-0.43%
2015年12月22日 	3,822.45 	3,816.75 	3,823.35 	3,786.10 	259.22K 	0.25%
2015年12月21日 	3,813.09 	3,735.85 	3,822.14 	3,732.87 	298.13K 	1.77%
2015年12月18日 	3,746.76 	3,742.58 	3,784.27 	3,735.44 	272.25K 	-0.03%
2015年12月17日 	3,747.91 	3,699.29 	3,751.41 	3,699.29 	282.09K 	1.82%
2015年12月16日 	3,680.99 	3,687.27 	3,704.62 	3,670.62 	192.31K 	0.16%
2015年12月15日 	3,674.97 	3,683.26 	3,695.48 	3,660.82 	198.98K 	-0.30%
2015年12月14日 	3,685.93 	3,563.09 	3,687.09 	3,558.70 	213.87K 	2.51%
2015年12月11日 	3,595.68 	3,603.09 	3,617.67 	3,570.83 	181.51K 	-0.61%
2015年12月10日 	3,617.69 	3,632.78 	3,668.27 	3,608.01 	199.12K 	-0.49%
2015年12月9日 	3,635.55 	3,625.43 	3,659.93 	3,617.18 	194.28K 	0.06%
2015年12月8日 	3,633.27 	3,684.14 	3,684.14 	3,629.83 	223.14K 	-1.89%
2015年12月7日 	3,703.34 	3,695.90 	3,710.69 	3,671.58 	206.95K 	0.34%
2015年12月4日 	3,690.90 	3,725.72 	3,737.10 	3,675.61 	250.61K 	-1.67%
2015年12月3日 	3,753.72 	3,691.73 	3,761.00 	3,682.71 	280.12K 	1.36%
2015年12月2日 	3,703.48 	3,612.46 	3,705.53 	3,588.74 	300.29K 	2.34%
2015年12月1日 	3,618.81 	3,604.26 	3,647.15 	3,578.00 	250.45K 	0.32%
2015年11月30日 	3,607.39 	3,595.81 	3,633.93 	3,484.61 	301.58K 	0.25%
2015年11月27日 	3,598.35 	3,787.25 	3,792.90 	3,573.32 	352.78K 	-5.49%
2015年11月26日 	3,807.22 	3,832.34 	3,841.60 	3,801.23 	305.91K 	-0.34%
2015年11月25日 	3,820.13 	3,784.81 	3,820.59 	3,777.88 	271.89K 	0.88%
2015年11月24日 	3,786.96 	3,773.17 	3,787.36 	3,731.42 	248.16K 	0.16%
2015年11月23日 	3,780.92 	3,802.39 	3,827.48 	3,768.91 	314.91K 	-0.55%
2015年11月20日 	3,801.97 	3,791.82 	3,812.49 	3,778.27 	309.89K 	0.37%
2015年11月19日 	3,787.89 	3,742.64 	3,789.10 	3,729.18 	246.99K 	1.36%
2015年11月18日 	3,737.03 	3,775.44 	3,787.95 	3,726.76 	296.71K 	-1.01%
2015年11月17日 	3,775.03 	3,801.49 	3,852.09 	3,767.96 	382.27K 	-0.06%
2015年11月16日 	3,777.33 	3,688.70 	3,778.00 	3,685.53 	275.07K 	0.73%
2015年11月13日 	3,749.89 	3,770.87 	3,804.09 	3,733.09 	344.40K 	-1.44%
2015年11月12日 	3,804.63 	3,829.78 	3,832.38 	3,773.55 	360.63K 	-0.48%
2015年11月11日 	3,822.88 	3,806.95 	3,827.75 	3,776.05 	360.05K 	0.27%
2015年11月10日 	3,812.72 	3,788.46 	3,843.20 	3,778.51 	428.72K 	-0.18%
2015年11月9日 	3,819.44 	3,758.28 	3,847.80 	3,758.28 	501.64K 	1.58%
2015年11月6日 	3,759.86 	3,680.57 	3,766.54 	3,674.63 	428.23K 	1.91%
2015年11月5日 	3,689.38 	3,622.52 	3,755.34 	3,618.65 	552.00K 	1.83%
2015年11月4日 	3,622.98 	3,482.49 	3,622.99 	3,482.49 	337.78K 	4.31%
2015年11月3日 	3,473.12 	3,487.45 	3,504.16 	3,457.90 	192.25K 	-0.25%
2015年11月2日 	3,481.94 	3,494.93 	3,551.03 	3,479.05 	229.34K 	-1.70%
2015年10月30日 	3,542.16 	3,540.06 	3,578.47 	3,504.73 	241.89K 	-0.15%
2015年10月29日 	3,547.49 	3,548.08 	3,573.09 	3,521.53 	234.77K 	0.36%
2015年10月28日 	3,534.91 	3,578.68 	3,602.57 	3,526.56 	292.66K 	-1.72%
2015年10月27日 	3,596.86 	3,570.46 	3,604.46 	3,490.25 	326.86K 	0.14%
2015年10月26日 	3,591.91 	3,611.81 	3,621.19 	3,562.98 	364.31K 	0.51%
2015年10月23日 	3,573.85 	3,537.44 	3,583.91 	3,519.20 	345.97K 	1.29%
2015年10月22日 	3,528.23 	3,448.26 	3,533.53 	3,438.40 	322.63K 	1.44%
2015年10月21日 	3,478.12 	3,590.90 	3,610.68 	3,420.07 	457.06K 	-3.05%
2015年10月20日 	3,587.54 	3,537.42 	3,587.73 	3,516.73 	318.01K 	1.14%
2015年10月19日 	3,547.08 	3,562.56 	3,585.48 	3,514.44 	377.08K 	-0.13%
2015年10月16日 	3,551.83 	3,517.32 	3,553.58 	3,492.74 	394.14K 	1.59%
2015年10月15日 	3,496.09 	3,409.15 	3,496.32 	3,408.45 	315.29K 	2.32%
2015年10月14日 	3,416.90 	3,435.28 	3,463.96 	3,410.40 	294.31K 	-0.93%
2015年10月13日 	3,449.14 	3,416.64 	3,454.80 	3,407.33 	296.26K 	0.17%
2015年10月12日 	3,443.41 	3,344.91 	3,475.96 	3,339.46 	384.83K 	3.28%
2015年10月9日 	3,334.03 	3,295.74 	3,344.09 	3,286.43 	234.27K 	1.27%
2015年10月8日 	3,292.29 	3,305.71 	3,322.61 	3,281.56 	233.48K 	2.97%
2015年9月30日 	3,197.37 	3,197.52 	3,218.95 	3,183.75 	146.30K 	0.48%
2015年9月29日 	3,182.06 	3,200.00 	3,213.70 	3,164.25 	162.80K 	-2.02%
2015年9月28日 	3,247.80 	3,231.92 	3,250.25 	3,186.56 	156.39K 	0.27%
2015年9月25日 	3,239.04 	3,279.37 	3,299.43 	3,208.19 	235.71K 	-1.60%
2015年9月24日 	3,291.81 	3,274.84 	3,300.66 	3,257.21 	212.41K 	0.86%
2015年9月23日 	3,263.71 	3,286.71 	3,314.24 	3,252.08 	235.61K 	-2.20%
2015年9月22日 	3,336.96 	3,311.39 	3,366.19 	3,302.12 	274.10K 	0.92%
2015年9月21日 	3,306.42 	3,217.96 	3,309.94 	3,206.23 	239.10K 	1.89%
2015年9月18日 	3,245.11 	3,247.73 	3,270.52 	3,216.25 	208.50K 	0.38%
2015年9月17日 	3,232.80 	3,280.87 	3,357.23 	3,232.01 	316.68K 	-2.10%
2015年9月16日 	3,302.15 	3,140.73 	3,334.28 	3,125.42 	276.52K 	4.89%
2015年9月15日 	3,148.23 	3,188.83 	3,228.46 	3,125.93 	248.46K 	-3.53%
2015年9月14日 	3,263.37 	3,374.32 	3,383.03 	3,194.51 	345.42K 	-2.65%
2015年9月11日 	3,352.36 	3,341.35 	3,377.23 	3,313.96 	223.79K 	0.06%
2015年9月10日 	3,350.19 	3,342.41 	3,397.76 	3,330.27 	272.46K 	-1.39%
2015年9月9日 	3,397.55 	3,334.03 	3,411.76 	3,316.32 	374.12K 	2.29%
2015年9月8日 	3,321.43 	3,200.05 	3,325.91 	3,154.50 	254.53K 	2.91%
2015年9月7日 	3,227.37 	3,299.98 	3,371.24 	3,212.58 	295.73K 	-2.54%
2015年9月2日 	3,311.43 	3,172.13 	3,347.01 	3,163.24 	437.29K 	-0.20%
2015年9月1日 	3,317.96 	3,308.21 	3,332.04 	3,199.27 	431.57K 	-1.22%
2015年8月31日 	3,358.81 	3,355.98 	3,360.75 	3,257.08 	396.61K 	-0.81%
2015年8月28日 	3,386.18 	3,274.06 	3,389.87 	3,250.53 	441.88K 	4.82%
2015年8月27日 	3,230.41 	3,119.76 	3,232.33 	3,044.65 	399.21K 	5.34%
2015年8月26日 	3,066.64 	3,122.68 	3,239.32 	2,986.39 	465.02K 	-1.28%
2015年8月25日 	3,106.33 	3,147.47 	3,271.79 	3,088.48 	350.50K 	-7.63%
2015年8月24日 	3,362.83 	3,534.03 	3,549.84 	3,343.88 	333.21K 	-8.49%
2015年8月21日 	3,674.72 	3,781.81 	3,826.78 	3,656.67 	368.87K 	-4.27%
2015年8月20日 	3,838.80 	3,933.49 	3,968.54 	3,838.09 	389.29K 	-3.43%
2015年8月19日 	3,974.99 	3,820.72 	3,993.16 	3,727.87 	474.09K 	1.22%
2015年8月18日 	3,927.03 	4,189.90 	4,197.46 	3,922.05 	542.32K 	-6.14%
2015年8月17日 	4,184.13 	4,136.00 	4,185.05 	4,093.69 	459.46K 	0.72%
2015年8月14日 	4,154.38 	4,166.02 	4,191.43 	4,127.63 	466.88K 	0.27%
2015年8月13日 	4,143.09 	4,054.41 	4,144.39 	4,021.06 	428.88K 	1.76%
2015年8月12日 	4,071.61 	4,066.24 	4,125.58 	4,055.76 	441.44K 	-1.06%
2015年8月11日 	4,115.24 	4,116.13 	4,159.70 	4,076.74 	537.57K 	-0.01%
2015年8月10日 	4,115.72 	3,966.61 	4,131.66 	3,955.84 	495.82K 	4.92%
2015年8月7日 	3,922.69 	3,868.81 	3,935.86 	3,862.06 	339.65K 	2.26%
2015年8月6日 	3,836.13 	3,798.33 	3,887.58 	3,787.12 	273.49K 	-0.89%
2015年8月5日 	3,870.72 	3,924.26 	3,962.74 	3,851.75 	365.45K 	-1.65%
2015年8月4日 	3,935.67 	3,794.78 	3,936.18 	3,773.11 	361.74K 	3.68%
2015年8月3日 	3,795.90 	3,786.93 	3,822.75 	3,718.88 	362.77K 	-1.10%
2015年7月31日 	3,838.07 	3,829.61 	3,907.06 	3,792.39 	350.04K 	-1.13%
2015年7月30日 	3,882.03 	3,953.13 	4,027.32 	3,861.21 	456.62K 	-2.20%
2015年7月29日 	3,969.37 	3,865.13 	3,972.44 	3,783.79 	432.86K 	3.45%
2015年7月28日 	3,836.99 	3,743.73 	3,941.89 	3,706.10 	561.35K 	-1.70%
2015年7月27日 	3,903.46 	4,175.78 	4,244.54 	3,898.08 	554.35K 	-8.48%
2015年7月24日 	4,265.34 	4,321.69 	4,384.39 	4,237.99 	625.94K 	-1.28%
2015年7月23日 	4,320.84 	4,214.34 	4,329.96 	4,210.87 	562.25K 	2.43%
2015年7月22日 	4,218.31 	4,187.22 	4,235.44 	4,150.06 	519.70K 	0.21%
2015年7月21日 	4,209.51 	4,127.88 	4,234.81 	4,099.54 	503.34K 	0.64%
2015年7月20日 	4,182.64 	4,136.60 	4,213.13 	4,114.24 	537.77K 	0.88%
2015年7月17日 	4,146.03 	4,014.38 	4,184.99 	3,996.07 	480.19K 	3.50%
2015年7月16日 	4,005.75 	3,938.61 	4,062.64 	3,865.12 	490.67K 	0.45%
2015年7月15日 	3,987.93 	4,059.87 	4,101.19 	3,920.22 	599.47K 	-3.01%
2015年7月14日 	4,111.76 	4,147.08 	4,227.80 	4,039.46 	668.34K 	-1.15%
2015年7月13日 	4,159.78 	4,105.94 	4,222.59 	4,042.76 	640.93K 	2.37%
2015年7月10日 	4,063.43 	3,884.79 	4,149.03 	3,853.25 	584.75K 	4.53%
2015年7月9日 	3,887.31 	3,597.84 	3,928.47 	3,535.59 	654.54K 	5.76%
2015年7月8日 	3,675.64 	3,633.81 	3,772.40 	3,585.59 	679.73K 	-5.90%
2015年7月7日 	3,905.94 	3,829.06 	3,930.04 	3,756.94 	697.50K 	-1.27%
2015年7月6日 	3,956.00 	4,163.38 	4,163.38 	3,827.17 	828.35K 	2.44%
2015年7月3日 	3,861.59 	3,973.04 	4,112.85 	3,801.70 	545.52K 	-5.77%
2015年7月2日 	4,098.08 	4,250.60 	4,273.30 	3,974.56 	584.08K 	-3.48%
2015年7月1日 	4,245.66 	4,413.66 	4,521.48 	4,234.82 	597.00K 	-5.23%
2015年6月30日 	4,479.90 	4,196.84 	4,482.79 	4,030.41 	706.66K 	5.52%
2015年6月29日 	4,245.47 	4,493.31 	4,501.36 	4,059.10 	671.39K 	-3.33%
2015年6月26日 	4,391.91 	4,608.30 	4,668.44 	4,335.88 	562.92K 	-7.39%
2015年6月25日 	4,742.38 	4,934.96 	4,944.61 	4,696.03 	571.33K 	-3.46%
2015年6月24日 	4,912.22 	4,822.36 	4,913.96 	4,767.68 	541.63K 	2.49%
2015年6月23日 	4,792.86 	4,682.56 	4,794.38 	4,466.41 	471.70K 	2.20%
2015年6月19日 	4,689.56 	4,911.45 	4,968.29 	4,687.54 	451.07K 	-6.43%
2015年6月18日 	5,011.62 	5,176.69 	5,201.82 	5,006.91 	506.24K 	-3.68%
2015年6月17日 	5,203.27 	5,121.92 	5,219.77 	4,993.13 	535.30K 	1.66%
2015年6月16日 	5,118.54 	5,241.41 	5,267.87 	5,070.96 	549.40K 	-3.47%
2015年6月15日 	5,302.77 	5,419.33 	5,421.84 	5,287.79 	636.61K 	-2.00%
2015年6月12日 	5,410.86 	5,386.61 	5,423.25 	5,344.69 	624.00K 	0.87%
2015年6月11日 	5,363.96 	5,342.89 	5,364.97 	5,289.74 	562.81K 	0.30%
2015年6月10日 	5,347.74 	5,288.45 	5,408.71 	5,238.38 	595.54K 	-0.15%
2015年6月9日 	5,356.01 	5,390.14 	5,391.49 	5,282.01 	728.24K 	-0.36%
2015年6月8日 	5,375.18 	5,283.93 	5,390.93 	5,233.86 	852.38K 	2.18%
2015年6月5日 	5,260.25 	5,252.70 	5,289.86 	5,129.02 	770.25K 	1.54%
2015年6月4日 	5,180.26 	5,144.27 	5,181.16 	4,865.99 	672.34K 	0.76%
2015年6月3日 	5,141.18 	5,156.05 	5,174.87 	5,049.54 	609.56K 	-0.01%
2015年6月2日 	5,141.62 	5,072.85 	5,142.71 	5,023.31 	621.68K 	1.69%
2015年6月1日 	5,056.19 	4,851.36 	5,057.00 	4,832.39 	591.36K 	4.70%
2015年5月29日 	4,829.13 	4,820.84 	4,919.89 	4,640.42 	609.02K 	-0.19%
2015年5月28日 	4,838.53 	5,177.60 	5,222.40 	4,832.20 	780.32K 	-6.51%
2015年5月27日 	5,175.50 	5,166.04 	5,192.70 	5,086.78 	679.10K 	0.63%
2015年5月26日 	5,143.05 	5,084.49 	5,143.87 	5,004.92 	702.69K 	2.02%
2015年5月25日 	5,041.44 	4,880.14 	5,042.36 	4,876.76 	680.57K 	3.36%
2015年5月22日 	4,877.43 	4,800.84 	4,878.13 	4,777.75 	652.83K 	2.84%
2015年5月21日 	4,742.56 	4,666.19 	4,743.66 	4,646.99 	462.91K 	1.87%
2015年5月20日 	4,655.56 	4,644.10 	4,733.39 	4,640.97 	511.67K 	0.64%
2015年5月19日 	4,625.79 	4,487.38 	4,626.68 	4,487.38 	434.42K 	3.14%
2015年5月18日 	4,485.04 	4,479.73 	4,528.41 	4,461.49 	377.37K 	-0.60%
2015年5月15日 	4,512.17 	4,574.14 	4,574.14 	4,481.50 	436.90K 	-1.62%
2015年5月14日 	4,586.33 	4,580.74 	4,606.84 	4,534.66 	447.25K 	0.05%
2015年5月13日 	4,583.85 	4,611.85 	4,625.73 	4,548.94 	508.92K 	-0.58%
2015年5月12日 	4,610.69 	4,549.03 	4,611.83 	4,523.34 	520.15K 	1.56%
2015年5月11日 	4,539.89 	4,432.71 	4,541.25 	4,387.04 	486.89K 	3.03%
2015年5月8日 	4,406.32 	4,350.89 	4,407.31 	4,294.16 	396.29K 	2.28%
2015年5月7日 	4,308.05 	4,397.83 	4,414.50 	4,303.64 	392.70K 	-2.77%
2015年5月6日 	4,430.75 	4,517.36 	4,585.12 	4,386.74 	480.20K 	-1.62%
2015年5月5日 	4,503.74 	4,693.90 	4,703.36 	4,486.49 	571.34K 	-4.06%
2015年5月4日 	4,694.55 	4,653.51 	4,701.97 	4,596.97 	492.63K 	0.87%
2015年4月30日 	4,653.83 	4,697.50 	4,722.95 	4,653.21 	525.28K 	-0.79%
2015年4月29日 	4,690.78 	4,658.99 	4,715.28 	4,609.03 	518.54K 	0.00%
2015年4月28日 	4,690.63 	4,744.28 	4,791.53 	4,645.19 	766.19K 	-1.13%
2015年4月27日 	4,744.09 	4,654.25 	4,746.55 	4,654.25 	669.77K 	3.05%
2015年4月24日 	4,603.65 	4,564.19 	4,627.51 	4,524.46 	627.07K 	-0.47%
2015年4月23日 	4,625.56 	4,625.47 	4,656.91 	4,567.08 	665.96K 	0.36%
2015年4月22日 	4,608.74 	4,510.40 	4,610.52 	4,503.16 	678.85K 	2.44%
2015年4月21日 	4,498.93 	4,413.77 	4,499.72 	4,388.82 	633.12K 	1.81%
2015年4月20日 	4,418.90 	4,506.89 	4,564.26 	4,391.05 	854.80K 	-1.63%
2015年4月17日 	4,492.08 	4,457.58 	4,523.47 	4,441.24 	699.46K 	2.22%
2015年4月16日 	4,394.65 	4,248.95 	4,395.15 	4,223.21 	548.95K 	2.71%
2015年4月15日 	4,278.58 	4,332.78 	4,374.41 	4,262.83 	610.04K 	-1.25%
2015年4月14日 	4,332.72 	4,321.43 	4,366.65 	4,286.01 	604.97K 	0.33%
2015年4月13日 	4,318.56 	4,267.05 	4,325.25 	4,250.83 	589.53K 	2.14%
2015年4月10日 	4,227.93 	4,137.77 	4,234.28 	4,118.66 	482.31K 	1.92%
2015年4月9日 	4,148.37 	4,199.55 	4,210.30 	4,088.08 	583.84K 	-0.94%
2015年4月8日 	4,187.66 	4,168.43 	4,193.35 	4,091.89 	617.11K 	0.85%
2015年4月7日 	4,152.51 	4,087.40 	4,152.81 	4,079.30 	569.65K 	2.53%
2015年4月3日 	4,050.09 	3,986.51 	4,050.60 	3,974.80 	472.23K 	1.00%
2015年4月2日 	4,010.05 	4,012.11 	4,020.24 	3,957.66 	478.54K 	0.41%
2015年4月1日 	3,993.82 	3,928.70 	4,000.96 	3,922.25 	446.88K 	1.67%
2015年3月31日 	3,928.24 	4,007.09 	4,020.32 	3,916.84 	560.95K 	-1.02%
2015年3月30日 	3,968.83 	3,889.05 	3,978.67 	3,889.05 	563.80K 	2.59%
2015年3月27日 	3,868.52 	3,863.38 	3,888.89 	3,832.51 	408.27K 	0.24%
2015年3月26日 	3,859.13 	3,816.91 	3,885.60 	3,788.60 	487.64K 	0.59%
2015年3月25日 	3,836.66 	3,857.89 	3,870.73 	3,809.19 	521.14K 	-0.83%
2015年3月24日 	3,868.90 	3,870.12 	3,894.61 	3,773.69 	638.56K 	0.10%
2015年3月23日 	3,865.05 	3,815.07 	3,865.59 	3,810.16 	535.11K 	1.95%
2015年3月20日 	3,791.11 	3,759.39 	3,806.95 	3,740.76 	516.04K 	0.98%
2015年3月19日 	3,754.32 	3,747.76 	3,773.68 	3,717.10 	536.68K 	0.14%
2015年3月18日 	3,749.12 	3,678.97 	3,749.50 	3,671.96 	544.52K 	2.13%
2015年3月17日 	3,670.92 	3,635.86 	3,672.19 	3,625.55 	520.00K 	1.56%
2015年3月16日 	3,614.52 	3,553.51 	3,614.52 	3,538.69 	398.36K 	2.27%
2015年3月13日 	3,534.33 	3,520.30 	3,553.63 	3,512.51 	327.88K 	0.70%
2015年3月12日 	3,509.60 	3,473.34 	3,520.86 	3,458.26 	356.65K 	1.78%
2015年3月11日 	3,448.22 	3,446.85 	3,484.10 	3,435.16 	282.53K 	0.15%
2015年3月10日 	3,443.15 	3,446.36 	3,468.20 	3,433.72 	285.34K 	-0.50%
2015年3月9日 	3,460.38 	3,378.31 	3,465.96 	3,351.05 	321.04K 	1.89%
2015年3月6日 	3,396.05 	3,403.26 	3,423.10 	3,389.05 	282.41K 	-0.23%
2015年3月5日 	3,403.72 	3,420.14 	3,422.81 	3,375.55 	320.15K 	-0.95%
2015年3月4日 	3,436.38 	3,420.34 	3,443.83 	3,405.87 	293.14K 	0.50%
2015年3月3日 	3,419.14 	3,476.45 	3,476.45 	3,416.38 	381.33K 	-2.20%
2015年3月2日 	3,495.99 	3,492.24 	3,496.49 	3,456.46 	345.86K 	0.79%
2015年2月27日 	3,468.70 	3,454.59 	3,483.70 	3,448.44 	298.71K 	0.36%
2015年2月26日 	3,456.20 	3,376.14 	3,458.58 	3,355.15 	300.87K 	2.16%
2015年2月25日 	3,383.19 	3,412.12 	3,412.96 	3,369.21 	233.00K 	-0.55%
2015年2月17日 	3,402.06 	3,385.23 	3,411.31 	3,385.11 	227.89K 	0.76%
2015年2月16日 	3,376.28 	3,359.25 	3,383.10 	3,348.46 	223.52K 	0.58%
2015年2月13日 	3,356.82 	3,338.96 	3,391.85 	3,334.73 	260.94K 	0.96%
2015年2月12日 	3,324.88 	3,308.65 	3,333.66 	3,283.71 	194.19K 	0.50%
2015年2月11日 	3,308.38 	3,295.88 	3,317.56 	3,288.78 	172.56K 	0.51%
2015年2月10日 	3,291.49 	3,237.83 	3,292.02 	3,231.28 	193.54K 	1.50%
2015年2月9日 	3,242.71 	3,209.49 	3,267.84 	3,194.34 	205.83K 	0.63%
2015年2月6日 	3,222.52 	3,268.89 	3,278.83 	3,198.39 	246.37K 	-1.94%
2015年2月5日 	3,286.19 	3,406.73 	3,406.73 	3,285.44 	305.75K 	-1.19%
2015年2月4日 	3,325.73 	3,366.39 	3,393.89 	3,322.60 	248.63K 	-0.96%
2015年2月3日 	3,358.08 	3,306.81 	3,361.27 	3,279.08 	247.85K 	2.46%
2015年2月2日 	3,277.59 	3,298.48 	3,326.79 	3,271.57 	250.52K 	-2.56%
2015年1月30日 	3,363.87 	3,430.46 	3,445.93 	3,363.81 	257.96K 	-1.60%
2015年1月29日 	3,418.43 	3,414.92 	3,444.14 	3,388.93 	274.17K 	-1.32%
2015年1月28日 	3,464.06 	3,485.04 	3,515.61 	3,452.41 	301.48K 	-1.41%
2015年1月27日 	3,513.67 	3,552.42 	3,552.82 	3,447.79 	373.96K 	-0.90%
2015年1月26日 	3,545.41 	3,507.71 	3,547.11 	3,480.49 	316.76K 	0.94%
2015年1月23日 	3,512.43 	3,518.02 	3,570.26 	3,487.77 	365.66K 	0.25%
2015年1月22日 	3,503.56 	3,486.77 	3,513.08 	3,451.69 	352.80K 	0.59%
2015年1月21日 	3,482.88 	3,341.59 	3,496.97 	3,330.29 	410.42K 	4.76%
2015年1月20日 	3,324.75 	3,263.44 	3,342.82 	3,248.49 	356.52K 	1.82%
2015年1月19日 	3,265.34 	3,342.13 	3,418.33 	3,243.10 	400.04K 	-7.72%
2015年1月16日 	3,538.42 	3,503.85 	3,563.48 	3,500.58 	339.46K 	1.20%
2015年1月15日 	3,496.35 	3,378.27 	3,497.01 	3,360.85 	281.98K 	3.55%
2015年1月14日 	3,376.55 	3,397.46 	3,424.94 	3,346.65 	239.87K 	-0.40%
2015年1月13日 	3,390.07 	3,377.78 	3,415.39 	3,368.11 	230.35K 	0.18%
2015年1月12日 	3,383.84 	3,414.08 	3,432.00 	3,344.19 	321.47K 	-1.71%
2015年1月9日 	3,442.66 	3,433.77 	3,568.17 	3,423.83 	409.77K 	-0.24%
2015年1月8日 	3,451.11 	3,533.59 	3,543.70 	3,442.31 	370.49K 	-2.39%
2015年1月7日 	3,535.68 	3,486.00 	3,536.66 	3,470.80 	391.26K 	0.67%
2015年1月6日 	3,512.07 	3,490.35 	3,557.00 	3,461.34 	501.04K 	0.03%
2015年1月5日 	3,511.05 	3,414.55 	3,530.79 	3,409.52 	530.62K 	3.59%
2014年12月31日 	3,389.40 	3,324.27 	3,394.31 	3,308.07 	405.54K 	2.18%
2014年12月30日 	3,317.14 	3,311.91 	3,342.88 	3,279.92 	397.28K 	-0.07%
2014年12月29日 	3,319.47 	3,366.18 	3,378.06 	3,276.32 	509.27K 	0.33%
2014年12月26日 	3,308.39 	3,224.80 	3,315.27 	3,210.23 	459.97K 	2.78%
2014年12月25日 	3,219.06 	3,135.01 	3,219.91 	3,111.25 	376.42K 	3.37%
2014年12月24日 	3,114.07 	3,184.29 	3,196.14 	3,074.57 	376.30K 	-1.99%
2014年12月23日 	3,177.37 	3,232.36 	3,286.74 	3,170.07 	437.13K 	-3.04%
2014年12月22日 	3,276.89 	3,278.49 	3,342.37 	3,238.04 	678.27K 	0.62%
2014年12月19日 	3,256.75 	3,198.44 	3,266.19 	3,162.06 	520.04K 	1.67%
2014年12月18日 	3,203.11 	3,208.78 	3,237.01 	3,174.51 	435.07K 	-0.12%
2014年12月17日 	3,206.90 	3,176.24 	3,223.23 	3,135.77 	541.59K 	1.32%
2014年12月16日 	3,165.26 	3,094.11 	3,165.66 	3,083.68 	453.10K 	2.31%
2014年12月15日 	3,093.68 	3,060.19 	3,100.83 	3,028.07 	399.33K 	0.52%
2014年12月12日 	3,077.75 	3,068.48 	3,103.34 	3,053.37 	408.58K 	0.43%
2014年12月11日 	3,064.69 	3,050.75 	3,106.71 	3,029.95 	481.52K 	-0.49%
2014年12月10日 	3,079.85 	2,991.78 	3,086.91 	2,940.91 	511.85K 	2.93%
2014年12月9日 	2,992.12 	3,135.13 	3,239.01 	2,969.34 	770.39K 	-5.44%
2014年12月8日 	3,164.31 	3,046.14 	3,186.81 	3,016.76 	586.45K 	2.82%
2014年12月5日 	3,077.51 	3,065.69 	3,119.86 	2,946.61 	639.29K 	1.33%
2014年12月4日 	3,037.19 	2,915.39 	3,038.30 	2,903.78 	531.58K 	4.33%
2014年12月3日 	2,911.24 	2,899.89 	2,958.14 	2,863.30 	561.20K 	0.58%
2014年12月2日 	2,894.50 	2,794.00 	2,909.04 	2,791.77 	437.10K 	3.12%
2014年12月1日 	2,806.94 	2,818.99 	2,849.53 	2,795.05 	446.06K 	-0.10%
2014年11月28日 	2,809.63 	2,753.65 	2,809.99 	2,745.71 	465.12K 	2.00%
2014年11月27日 	2,754.54 	2,738.67 	2,755.50 	2,721.59 	363.41K 	1.01%
2014年11月26日 	2,727.08 	2,693.77 	2,727.84 	2,691.46 	336.26K 	1.44%
