2018年12月24日 	1,295.72 	1,281.32 	1,295.83 	1,278.09 	143.04K 	0.86%
2018年12月21日 	1,284.66 	1,292.36 	1,293.95 	1,274.62 	15.98B 	-0.96%
2018年12月20日 	1,297.10 	1,291.51 	1,299.51 	1,285.95 	15.27B 	0.20%
2018年12月19日 	1,294.49 	1,313.97 	1,315.66 	1,292.26 	14.53B 	-1.38%
2018年12月18日 	1,312.55 	1,315.08 	1,325.72 	1,302.39 	15.51B 	-0.81%
2018年12月17日 	1,323.31 	1,321.67 	1,324.95 	1,307.98 	15.89B 	-0.31%
2018年12月14日 	1,327.42 	1,357.42 	1,358.11 	1,326.75 	19.84B 	-2.46%
2018年12月13日 	1,360.92 	1,348.54 	1,367.77 	1,341.13 	19.65B 	1.11%
2018年12月12日 	1,346.03 	1,348.77 	1,351.98 	1,342.22 	16.15B 	0.16%
2018年12月11日 	1,343.90 	1,335.28 	1,343.90 	1,334.09 	15.96B 	0.85%
2018年12月10日 	1,332.53 	1,339.49 	1,344.05 	1,328.52 	16.68B 	-1.35%
2018年12月7日 	1,350.70 	1,351.86 	1,356.42 	1,346.08 	16.69B 	-0.00%
2018年12月6日 	1,350.75 	1,371.17 	1,374.04 	1,349.67 	20.84B 	-2.17%
2018年12月5日 	1,380.78 	1,363.32 	1,388.39 	1,359.93 	22.44B 	-0.48%
2018年12月4日 	1,387.49 	1,378.37 	1,387.49 	1,375.10 	22.37B 	0.43%
2018年12月3日 	1,381.55 	1,372.63 	1,386.59 	1,363.93 	26.58B 	3.27%
2018年11月30日 	1,337.74 	1,322.16 	1,339.10 	1,311.10 	18.70B 	0.93%
2018年11月29日 	1,325.43 	1,361.45 	1,364.94 	1,325.43 	21.79B 	-2.21%
2018年11月28日 	1,355.38 	1,336.31 	1,355.38 	1,322.75 	21.75B 	1.40%
2018年11月27日 	1,336.68 	1,337.76 	1,343.24 	1,327.98 	18.05B 	0.43%
2018年11月26日 	1,330.93 	1,332.72 	1,342.48 	1,325.40 	17.88B 	-0.32%
2018年11月23日 	1,335.15 	1,383.89 	1,384.94 	1,331.53 	26.33B 	-3.66%
2018年11月22日 	1,385.84 	1,390.05 	1,394.71 	1,380.10 	22.48B 	-0.04%
2018年11月21日 	1,386.43 	1,362.92 	1,387.83 	1,361.13 	24.11B 	0.54%
2018年11月20日 	1,378.92 	1,404.62 	1,408.46 	1,377.90 	28.52B 	-2.72%
2018年11月19日 	1,417.43 	1,408.70 	1,417.43 	1,400.49 	29.54B 	0.51%
2018年11月16日 	1,410.18 	1,399.52 	1,418.24 	1,393.20 	31.77B 	0.84%
2018年11月15日 	1,398.40 	1,376.85 	1,398.40 	1,376.38 	28.19B 	1.45%
2018年11月14日 	1,378.36 	1,381.43 	1,393.03 	1,375.34 	31.50B 	-0.40%
2018年11月13日 	1,383.92 	1,345.74 	1,391.73 	1,343.16 	35.38B 	1.63%
2018年11月12日 	1,361.74 	1,326.25 	1,361.74 	1,324.63 	24.97B 	2.53%
2018年11月9日 	1,328.19 	1,326.73 	1,336.78 	1,322.99 	19.38B 	-0.43%
2018年11月8日 	1,333.98 	1,349.20 	1,351.66 	1,332.63 	20.92B 	-0.48%
2018年11月7日 	1,340.37 	1,344.81 	1,358.75 	1,339.19 	22.66B 	-0.43%
2018年11月6日 	1,346.19 	1,346.04 	1,346.32 	1,328.74 	21.04B 	-0.36%
2018年11月5日 	1,351.00 	1,347.49 	1,359.91 	1,332.45 	25.98B 	-0.01%
2018年11月2日 	1,351.09 	1,331.95 	1,351.09 	1,326.40 	26.83B 	3.43%
2018年11月1日 	1,306.31 	1,305.33 	1,326.03 	1,304.76 	23.58B 	0.93%
2018年10月31日 	1,294.22 	1,278.51 	1,301.74 	1,277.27 	19.45B 	1.39%
2018年10月30日 	1,276.45 	1,258.95 	1,286.30 	1,244.42 	18.89B 	0.94%
2018年10月29日 	1,264.58 	1,282.92 	1,282.92 	1,258.92 	15.51B 	-2.02%
2018年10月26日 	1,290.62 	1,301.19 	1,309.25 	1,285.83 	18.44B 	-0.17%
2018年10月25日 	1,292.80 	1,259.75 	1,294.72 	1,253.88 	19.17B 	-0.34%
2018年10月24日 	1,297.22 	1,293.51 	1,313.76 	1,286.85 	18.32B 	-0.24%
2018年10月23日 	1,300.29 	1,325.48 	1,329.77 	1,292.16 	22.13B 	-1.92%
2018年10月22日 	1,325.73 	1,275.53 	1,336.27 	1,275.53 	25.79B 	4.90%
2018年10月19日 	1,263.81 	1,215.33 	1,264.38 	1,212.23 	18.48B 	2.58%
2018年10月18日 	1,232.01 	1,257.90 	1,257.90 	1,230.97 	16.25B 	-2.73%
2018年10月17日 	1,266.55 	1,271.12 	1,277.06 	1,239.70 	17.13B 	0.81%
2018年10月16日 	1,256.37 	1,280.82 	1,288.91 	1,249.93 	15.77B 	-1.93%
2018年10月15日 	1,281.08 	1,299.71 	1,309.71 	1,278.87 	15.75B 	-1.18%
2018年10月12日 	1,296.36 	1,285.57 	1,302.36 	1,253.78 	21.01B 	0.19%
2018年10月11日 	1,293.90 	1,340.34 	1,346.41 	1,286.06 	23.50B 	-6.45%
2018年10月10日 	1,383.05 	1,387.19 	1,392.41 	1,371.46 	13.93B 	-0.15%
2018年10月9日 	1,385.09 	1,388.88 	1,398.07 	1,378.77 	13.46B 	-0.09%
2018年10月8日 	1,386.28 	1,414.30 	1,416.27 	1,385.15 	16.46B 	-3.83%
2018年9月28日 	1,441.54 	1,431.36 	1,441.54 	1,427.95 	15.55B 	0.83%
2018年9月27日 	1,429.61 	1,446.18 	1,448.39 	1,429.38 	19.14B 	-1.26%
2018年9月26日 	1,447.85 	1,439.75 	1,456.47 	1,435.77 	18.29B 	0.73%
2018年9月25日 	1,437.31 	1,434.69 	1,443.43 	1,430.11 	15.00B 	-0.54%
2018年9月21日 	1,445.11 	1,423.13 	1,445.77 	1,416.73 	19.76B 	1.77%
2018年9月20日 	1,420.02 	1,421.36 	1,429.77 	1,417.68 	17.78B 	-0.22%
2018年9月19日 	1,423.22 	1,400.61 	1,433.03 	1,398.39 	20.05B 	1.36%
2018年9月18日 	1,404.15 	1,376.34 	1,404.15 	1,375.88 	16.05B 	1.68%
2018年9月17日 	1,380.98 	1,394.71 	1,394.71 	1,377.41 	14.19B 	-1.54%
2018年9月14日 	1,402.51 	1,414.86 	1,416.00 	1,401.56 	16.00B 	-0.78%
2018年9月13日 	1,413.57 	1,415.69 	1,421.39 	1,393.02 	15.60B 	0.71%
2018年9月12日 	1,403.60 	1,408.45 	1,415.85 	1,400.61 	12.81B 	-0.41%
2018年9月11日 	1,409.34 	1,406.00 	1,416.74 	1,399.01 	13.60B 	0.17%
2018年9月10日 	1,406.92 	1,431.46 	1,431.87 	1,406.29 	15.54B 	-1.84%
2018年9月7日 	1,433.36 	1,434.26 	1,453.70 	1,424.23 	16.03B 	0.10%
2018年9月6日 	1,431.86 	1,436.78 	1,450.27 	1,426.67 	14.44B 	-0.72%
2018年9月5日 	1,442.25 	1,461.37 	1,464.92 	1,442.25 	16.63B 	-1.61%
2018年9月4日 	1,465.79 	1,448.33 	1,468.58 	1,445.23 	16.14B 	1.16%
2018年9月3日 	1,448.93 	1,447.86 	1,449.37 	1,429.11 	14.53B 	-0.17%
2018年8月31日 	1,451.38 	1,461.23 	1,464.28 	1,446.66 	13.89B 	-1.08%
2018年8月30日 	1,467.18 	1,487.24 	1,492.36 	1,465.88 	15.74B 	-1.48%
2018年8月29日 	1,489.29 	1,495.37 	1,496.11 	1,485.01 	15.44B 	-0.56%
2018年8月28日 	1,497.70 	1,497.05 	1,500.96 	1,491.42 	16.26B 	0.07%
2018年8月27日 	1,496.71 	1,462.85 	1,496.71 	1,462.85 	17.84B 	2.49%
2018年8月24日 	1,460.33 	1,460.64 	1,470.20 	1,454.78 	14.05B 	-0.23%
2018年8月23日 	1,463.69 	1,453.49 	1,469.93 	1,449.44 	14.01B 	0.63%
2018年8月22日 	1,454.52 	1,468.31 	1,468.54 	1,452.78 	13.34B 	-1.14%
2018年8月21日 	1,471.28 	1,451.45 	1,473.26 	1,446.95 	14.85B 	1.39%
2018年8月20日 	1,451.07 	1,441.31 	1,451.07 	1,421.03 	14.98B 	0.60%
2018年8月17日 	1,442.38 	1,477.88 	1,483.09 	1,439.76 	15.27B 	-1.69%
2018年8月16日 	1,467.12 	1,463.99 	1,486.89 	1,451.51 	15.71B 	-0.99%
2018年8月15日 	1,481.82 	1,513.65 	1,513.77 	1,480.36 	16.34B 	-2.12%
2018年8月14日 	1,513.90 	1,518.48 	1,521.68 	1,508.79 	15.21B 	-0.45%
2018年8月13日 	1,520.71 	1,498.57 	1,521.99 	1,492.34 	16.10B 	0.31%
2018年8月10日 	1,515.96 	1,505.09 	1,518.48 	1,503.12 	15.96B 	0.69%
2018年8月9日 	1,505.64 	1,462.02 	1,512.41 	1,458.93 	19.99B 	2.65%
2018年8月8日 	1,466.70 	1,491.85 	1,493.97 	1,466.32 	17.17B 	-1.90%
2018年8月7日 	1,495.05 	1,458.20 	1,495.05 	1,446.76 	17.19B 	2.75%
2018年8月6日 	1,455.09 	1,481.83 	1,490.39 	1,446.87 	15.92B 	-2.08%
2018年8月3日 	1,486.06 	1,508.80 	1,514.70 	1,486.06 	15.28B 	-1.72%
2018年8月2日 	1,512.05 	1,542.88 	1,542.88 	1,481.33 	21.11B 	-2.40%
2018年8月1日 	1,549.28 	1,579.41 	1,584.92 	1,549.28 	17.33B 	-1.72%
2018年7月31日 	1,576.41 	1,574.05 	1,581.74 	1,568.78 	14.80B 	-0.02%
2018年7月30日 	1,576.79 	1,597.13 	1,600.09 	1,569.45 	17.84B 	-1.39%
2018年7月27日 	1,599.08 	1,607.80 	1,610.19 	1,595.80 	18.89B 	-0.66%
2018年7月26日 	1,609.73 	1,624.57 	1,627.34 	1,606.37 	22.91B 	-0.92%
2018年7月25日 	1,624.72 	1,626.38 	1,634.43 	1,621.47 	21.31B 	-0.07%
2018年7月24日 	1,625.84 	1,601.42 	1,628.00 	1,600.06 	24.47B 	1.51%
2018年7月23日 	1,601.69 	1,583.28 	1,601.69 	1,578.49 	19.98B 	0.53%
2018年7月20日 	1,593.30 	1,573.53 	1,596.76 	1,562.14 	16.99B 	1.12%
2018年7月19日 	1,575.58 	1,588.46 	1,595.57 	1,569.88 	16.16B 	-0.79%
2018年7月18日 	1,588.12 	1,600.94 	1,607.99 	1,588.12 	17.53B 	-0.75%
2018年7月17日 	1,600.08 	1,599.99 	1,600.08 	1,581.46 	15.92B 	-0.17%
2018年7月16日 	1,602.84 	1,601.48 	1,607.60 	1,594.91 	16.67B 	-0.10%
2018年7月13日 	1,604.45 	1,597.84 	1,608.09 	1,595.34 	18.64B 	0.46%
2018年7月12日 	1,597.17 	1,554.09 	1,601.00 	1,554.09 	21.13B 	2.74%
2018年7月11日 	1,554.62 	1,558.21 	1,565.54 	1,534.39 	17.88B 	-1.96%
2018年7月10日 	1,585.78 	1,576.85 	1,585.78 	1,570.56 	16.33B 	0.71%
2018年7月9日 	1,574.54 	1,540.57 	1,574.54 	1,540.57 	16.17B 	2.51%
2018年7月6日 	1,535.98 	1,529.81 	1,556.20 	1,504.96 	18.61B 	0.48%
2018年7月5日 	1,528.67 	1,560.79 	1,569.55 	1,527.72 	16.33B 	-2.20%
2018年7月4日 	1,563.00 	1,587.53 	1,589.20 	1,557.01 	17.09B 	-1.96%
2018年7月3日 	1,594.24 	1,582.34 	1,595.24 	1,549.49 	19.32B 	0.76%
2018年7月2日 	1,582.26 	1,606.22 	1,611.60 	1,570.14 	18.08B 	-1.58%
2018年6月29日 	1,607.62 	1,559.47 	1,607.63 	1,557.31 	18.04B 	3.26%
2018年6月28日 	1,556.82 	1,570.15 	1,585.40 	1,555.97 	15.28B 	-1.19%
2018年6月27日 	1,575.57 	1,596.26 	1,602.43 	1,570.15 	15.82B 	-1.29%
2018年6月26日 	1,596.17 	1,566.86 	1,598.52 	1,561.50 	16.33B 	0.56%
2018年6月25日 	1,587.31 	1,608.25 	1,612.51 	1,586.45 	15.00B 	-0.63%
2018年6月22日 	1,597.39 	1,567.05 	1,598.36 	1,556.06 	15.25B 	1.21%
2018年6月21日 	1,578.33 	1,610.22 	1,622.80 	1,577.75 	17.33B 	-2.13%
2018年6月20日 	1,612.60 	1,584.20 	1,619.54 	1,578.15 	17.00B 	1.16%
2018年6月19日 	1,594.05 	1,664.05 	1,666.25 	1,579.47 	21.42B 	-5.77%
2018年6月15日 	1,691.65 	1,720.91 	1,725.74 	1,685.43 	16.00B 	-1.76%
2018年6月14日 	1,721.89 	1,725.03 	1,741.35 	1,716.77 	13.07B 	-0.55%
2018年6月13日 	1,731.43 	1,753.66 	1,754.64 	1,731.37 	14.29B 	-1.58%
2018年6月12日 	1,759.16 	1,741.86 	1,759.50 	1,726.44 	14.26B 	1.03%
2018年6月11日 	1,741.18 	1,747.37 	1,752.64 	1,735.91 	13.12B 	-0.58%
2018年6月8日 	1,751.40 	1,764.01 	1,764.12 	1,739.42 	15.17B 	-0.94%
2018年6月7日 	1,767.96 	1,783.91 	1,785.96 	1,766.99 	14.76B 	-0.63%
2018年6月6日 	1,779.15 	1,776.43 	1,782.77 	1,773.04 	14.55B 	0.08%
2018年6月5日 	1,777.73 	1,748.66 	1,777.73 	1,748.66 	15.28B 	1.70%
2018年6月4日 	1,747.96 	1,749.62 	1,753.79 	1,738.26 	14.58B 	0.09%
2018年6月1日 	1,746.33 	1,760.29 	1,767.59 	1,736.70 	16.27B 	-1.20%
2018年5月31日 	1,767.55 	1,748.79 	1,767.55 	1,738.47 	17.47B 	1.80%
2018年5月30日 	1,736.34 	1,761.93 	1,764.70 	1,734.28 	19.76B 	-2.82%
2018年5月29日 	1,786.71 	1,802.42 	1,814.40 	1,786.55 	16.84B 	-1.07%
2018年5月28日 	1,806.08 	1,808.10 	1,818.60 	1,794.79 	16.97B 	-0.22%
2018年5月25日 	1,810.03 	1,825.43 	1,828.49 	1,808.14 	17.28B 	-0.93%
2018年5月24日 	1,827.05 	1,833.87 	1,837.86 	1,824.75 	15.84B 	-0.42%
2018年5月23日 	1,834.72 	1,851.36 	1,852.38 	1,834.72 	18.65B 	-1.10%
2018年5月22日 	1,855.16 	1,847.54 	1,855.16 	1,841.72 	17.95B 	0.38%
2018年5月21日 	1,848.06 	1,838.73 	1,850.75 	1,838.73 	19.10B 	1.05%
2018年5月18日 	1,828.79 	1,820.41 	1,829.56 	1,809.78 	15.46B 	0.33%
2018年5月17日 	1,822.70 	1,831.40 	1,833.48 	1,818.98 	15.07B 	-0.52%
2018年5月16日 	1,832.27 	1,833.96 	1,845.17 	1,830.36 	16.55B 	-0.41%
2018年5月15日 	1,839.88 	1,825.27 	1,839.88 	1,817.51 	15.79B 	0.91%
2018年5月14日 	1,823.25 	1,825.10 	1,832.80 	1,817.90 	16.96B 	-0.10%
2018年5月11日 	1,825.14 	1,845.96 	1,846.57 	1,825.11 	18.02B 	-1.02%
2018年5月10日 	1,844.04 	1,836.67 	1,844.04 	1,830.37 	18.09B 	0.52%
2018年5月9日 	1,834.56 	1,834.01 	1,837.37 	1,826.06 	16.95B 	-0.09%
2018年5月8日 	1,836.22 	1,823.31 	1,836.62 	1,823.31 	18.28B 	0.77%
2018年5月7日 	1,822.18 	1,792.32 	1,822.18 	1,792.32 	17.42B 	1.85%
2018年5月4日 	1,789.07 	1,789.11 	1,798.70 	1,786.17 	15.06B 	-0.21%
2018年5月3日 	1,792.89 	1,771.82 	1,792.89 	1,753.72 	17.77B 	1.01%
2018年5月2日 	1,774.90 	1,780.19 	1,790.55 	1,764.54 	16.06B 	-0.07%
2018年4月27日 	1,776.13 	1,778.68 	1,784.55 	1,761.70 	16.48B 	0.32%
2018年4月26日 	1,770.40 	1,804.39 	1,805.25 	1,770.32 	18.63B 	-2.15%
2018年4月25日 	1,809.26 	1,796.56 	1,810.98 	1,794.26 	18.33B 	0.27%
2018年4月24日 	1,804.41 	1,763.77 	1,804.41 	1,763.77 	19.10B 	2.28%
2018年4月23日 	1,764.20 	1,777.92 	1,786.74 	1,746.81 	17.96B 	-0.80%
2018年4月20日 	1,778.34 	1,807.75 	1,814.63 	1,776.33 	19.68B 	-2.00%
2018年4月19日 	1,814.64 	1,803.78 	1,824.66 	1,801.55 	20.40B 	0.60%
2018年4月18日 	1,803.84 	1,795.72 	1,806.71 	1,759.56 	21.58B 	1.08%
2018年4月17日 	1,784.56 	1,827.32 	1,831.87 	1,783.71 	20.23B 	-2.20%
2018年4月16日 	1,824.77 	1,829.55 	1,836.95 	1,811.03 	18.82B 	-0.52%
2018年4月13日 	1,834.38 	1,848.61 	1,854.28 	1,831.75 	16.18B 	-0.32%
2018年4月12日 	1,840.27 	1,848.55 	1,854.97 	1,837.76 	17.17B 	-0.58%
2018年4月11日 	1,850.97 	1,845.08 	1,857.10 	1,844.45 	19.10B 	0.53%
2018年4月10日 	1,841.22 	1,833.14 	1,841.22 	1,819.76 	19.97B 	0.51%
2018年4月9日 	1,831.83 	1,825.50 	1,839.83 	1,810.50 	18.58B 	0.01%
2018年4月4日 	1,831.70 	1,847.16 	1,854.90 	1,830.72 	19.32B 	-0.57%
2018年4月3日 	1,842.23 	1,833.17 	1,844.36 	1,827.49 	20.82B 	-0.78%
2018年4月2日 	1,856.66 	1,858.43 	1,869.55 	1,853.63 	23.87B 	0.16%
2018年3月30日 	1,853.72 	1,833.65 	1,854.09 	1,833.37 	20.91B 	1.29%
2018年3月29日 	1,830.09 	1,818.50 	1,832.44 	1,807.32 	19.26B 	0.98%
2018年3月28日 	1,812.36 	1,808.10 	1,831.70 	1,804.60 	20.48B 	-0.95%
2018年3月27日 	1,829.69 	1,807.88 	1,834.33 	1,807.88 	22.29B 	2.20%
2018年3月26日 	1,790.35 	1,742.44 	1,790.35 	1,726.01 	19.58B 	1.34%
2018年3月23日 	1,766.61 	1,792.38 	1,812.77 	1,740.91 	28.24B 	-4.49%
2018年3月22日 	1,849.60 	1,858.86 	1,867.49 	1,842.92 	17.58B 	-0.48%
2018年3月21日 	1,858.61 	1,875.40 	1,888.56 	1,857.69 	20.25B 	-0.73%
2018年3月20日 	1,872.33 	1,854.27 	1,872.69 	1,849.84 	17.74B 	0.23%
2018年3月19日 	1,868.05 	1,861.82 	1,876.16 	1,854.95 	16.58B 	0.27%
2018年3月16日 	1,863.03 	1,874.54 	1,881.30 	1,863.03 	16.96B 	-0.61%
2018年3月15日 	1,874.41 	1,870.48 	1,881.13 	1,854.22 	18.76B 	-0.22%
2018年3月14日 	1,878.51 	1,888.76 	1,895.88 	1,877.95 	19.61B 	-0.89%
2018年3月13日 	1,895.31 	1,906.18 	1,910.67 	1,894.86 	22.78B 	-0.71%
2018年3月12日 	1,908.84 	1,895.34 	1,908.84 	1,895.23 	26.18B 	1.24%
2018年3月9日 	1,885.38 	1,858.78 	1,886.44 	1,858.21 	23.46B 	1.56%
2018年3月8日 	1,856.47 	1,836.53 	1,856.47 	1,836.53 	16.52B 	1.01%
2018年3月7日 	1,837.87 	1,849.33 	1,854.75 	1,836.37 	17.91B 	-0.77%
2018年3月6日 	1,852.22 	1,834.77 	1,852.22 	1,832.59 	20.65B 	1.17%
2018年3月5日 	1,830.84 	1,825.59 	1,830.84 	1,818.38 	15.96B 	0.47%
2018年3月2日 	1,822.21 	1,821.69 	1,836.06 	1,818.86 	18.46B 	-0.64%
2018年3月1日 	1,834.01 	1,800.89 	1,834.01 	1,797.30 	19.01B 	1.23%
2018年2月28日 	1,811.78 	1,794.55 	1,818.04 	1,785.44 	18.66B 	0.16%
2018年2月27日 	1,808.92 	1,815.28 	1,819.45 	1,805.34 	19.59B 	-0.34%
2018年2月26日 	1,815.02 	1,784.31 	1,816.88 	1,779.83 	20.02B 	2.24%
2018年2月23日 	1,775.17 	1,772.47 	1,778.35 	1,761.81 	14.05B 	0.18%
2018年2月22日 	1,771.97 	1,754.31 	1,772.57 	1,751.84 	13.62B 	1.89%
2018年2月14日 	1,739.15 	1,732.24 	1,739.15 	1,723.19 	10.01B 	0.48%
2018年2月13日 	1,730.83 	1,733.05 	1,748.64 	1,729.13 	14.22B 	0.41%
2018年2月12日 	1,723.73 	1,688.03 	1,728.34 	1,688.03 	14.50B 	2.65%
2018年2月9日 	1,679.26 	1,692.51 	1,701.99 	1,658.46 	19.36B 	-3.19%
2018年2月8日 	1,734.57 	1,709.50 	1,738.82 	1,709.20 	15.44B 	1.18%
2018年2月7日 	1,714.39 	1,753.45 	1,761.53 	1,693.35 	18.54B 	-0.68%
2018年2月6日 	1,726.09 	1,771.08 	1,779.89 	1,726.04 	19.69B 	-4.44%
2018年2月5日 	1,806.30 	1,795.99 	1,812.91 	1,791.30 	14.87B 	-0.84%
2018年2月2日 	1,821.53 	1,807.30 	1,824.05 	1,780.36 	18.46B 	0.03%
2018年2月1日 	1,821.06 	1,873.96 	1,878.92 	1,818.77 	22.48B 	-3.02%
2018年1月31日 	1,877.82 	1,898.44 	1,898.65 	1,872.12 	19.48B 	-1.66%
2018年1月30日 	1,909.57 	1,914.71 	1,921.39 	1,906.23 	15.80B 	-0.53%
2018年1月29日 	1,919.80 	1,948.35 	1,949.64 	1,915.30 	19.97B 	-1.56%
2018年1月26日 	1,950.21 	1,947.59 	1,956.14 	1,946.09 	17.56B 	-0.16%
2018年1月25日 	1,953.30 	1,957.15 	1,966.14 	1,952.85 	21.38B 	-0.39%
2018年1月24日 	1,960.93 	1,949.12 	1,961.66 	1,937.49 	21.07B 	0.51%
2018年1月23日 	1,950.99 	1,943.36 	1,952.21 	1,943.00 	17.42B 	0.36%
2018年1月22日 	1,943.91 	1,917.91 	1,943.91 	1,912.37 	18.11B 	1.16%
2018年1月19日 	1,921.54 	1,923.18 	1,935.09 	1,918.49 	18.34B 	-0.14%
2018年1月18日 	1,924.20 	1,918.65 	1,928.74 	1,917.94 	15.56B 	0.13%
2018年1月17日 	1,921.74 	1,924.41 	1,925.45 	1,899.38 	21.35B 	-0.30%
2018年1月16日 	1,927.56 	1,909.98 	1,928.13 	1,909.91 	19.29B 	0.72%
2018年1月15日 	1,913.77 	1,945.28 	1,946.78 	1,909.52 	22.44B 	-1.80%
2018年1月12日 	1,948.93 	1,951.34 	1,956.62 	1,943.90 	18.60B 	-0.21%
2018年1月11日 	1,953.12 	1,941.60 	1,955.47 	1,935.25 	18.99B 	0.38%
2018年1月10日 	1,945.66 	1,951.25 	1,951.47 	1,931.50 	19.63B 	-0.33%
2018年1月9日 	1,952.18 	1,944.57 	1,952.18 	1,942.43 	18.41B 	0.32%
2018年1月8日 	1,945.98 	1,941.31 	1,945.98 	1,931.80 	20.36B 	0.22%
2018年1月5日 	1,941.80 	1,939.80 	1,946.03 	1,936.68 	18.79B 	0.04%
2018年1月4日 	1,940.96 	1,932.19 	1,941.19 	1,930.05 	18.04B 	0.36%
2018年1月3日 	1,934.00 	1,919.04 	1,937.20 	1,916.94 	19.84B 	0.77%
2018年1月2日 	1,919.20 	1,903.49 	1,919.20 	1,903.40 	16.37B 	1.05%
2017年12月29日 	1,899.34 	1,888.05 	1,899.34 	1,887.41 	13.98B 	0.64%
2017年12月28日 	1,887.34 	1,876.82 	1,893.92 	1,874.93 	15.98B 	0.45%
2017年12月27日 	1,878.80 	1,890.58 	1,893.87 	1,878.02 	15.47B 	-0.70%
2017年12月26日 	1,892.02 	1,882.11 	1,892.21 	1,871.67 	14.00B 	0.43%
2017年12月25日 	1,883.89 	1,900.40 	1,904.23 	1,878.68 	14.80B 	-0.93%
2017年12月22日 	1,901.56 	1,903.57 	1,909.06 	1,899.10 	12.91B 	-0.18%
2017年12月21日 	1,905.05 	1,889.09 	1,909.57 	1,876.91 	15.09B 	0.72%
2017年12月20日 	1,891.52 	1,905.21 	1,905.59 	1,888.68 	14.01B 	-0.74%
2017年12月19日 	1,905.62 	1,889.19 	1,905.62 	1,889.14 	13.03B 	0.87%
2017年12月18日 	1,889.13 	1,899.19 	1,903.47 	1,882.31 	13.39B 	-0.63%
2017年12月15日 	1,901.20 	1,912.47 	1,914.39 	1,895.69 	15.72B 	-0.72%
2017年12月14日 	1,915.00 	1,914.70 	1,918.63 	1,905.88 	14.60B 	-0.04%
2017年12月13日 	1,915.77 	1,898.09 	1,915.77 	1,897.46 	13.38B 	0.77%
2017年12月12日 	1,901.09 	1,919.24 	1,920.84 	1,900.98 	15.10B 	-0.97%
2017年12月11日 	1,919.69 	1,894.55 	1,919.69 	1,894.55 	15.85B 	1.49%
2017年12月8日 	1,891.51 	1,865.77 	1,895.09 	1,865.52 	14.62B 	1.24%
2017年12月7日 	1,868.42 	1,875.52 	1,881.44 	1,866.78 	13.54B 	-0.60%
2017年12月6日 	1,879.65 	1,863.42 	1,879.65 	1,845.37 	15.88B 	0.68%
2017年12月5日 	1,866.98 	1,898.43 	1,906.36 	1,857.57 	17.76B 	-1.89%
2017年12月4日 	1,902.91 	1,914.34 	1,919.01 	1,901.36 	15.73B 	-0.72%
2017年12月1日 	1,916.80 	1,900.25 	1,921.91 	1,899.75 	14.84B 	0.79%
2017年11月30日 	1,901.86 	1,912.67 	1,918.94 	1,896.54 	15.08B 	-0.90%
2017年11月29日 	1,919.06 	1,918.84 	1,920.94 	1,894.53 	17.32B 	0.04%
2017年11月28日 	1,918.32 	1,890.19 	1,918.32 	1,890.19 	14.60B 	1.35%
2017年11月27日 	1,892.82 	1,918.19 	1,918.19 	1,890.43 	16.46B 	-1.56%
2017年11月24日 	1,922.72 	1,917.12 	1,931.75 	1,910.27 	15.97B 	-0.09%
2017年11月23日 	1,924.45 	1,976.23 	1,976.23 	1,923.26 	19.64B 	-2.92%
2017年11月22日 	1,982.28 	1,986.94 	1,996.99 	1,965.83 	19.68B 	-0.26%
2017年11月21日 	1,987.45 	1,968.73 	1,989.31 	1,966.05 	20.12B 	0.79%
2017年11月20日 	1,971.93 	1,944.25 	1,971.93 	1,913.03 	18.38B 	0.90%
2017年11月17日 	1,954.30 	2,006.88 	2,008.75 	1,954.05 	23.67B 	-2.78%
2017年11月16日 	2,010.13 	2,002.45 	2,014.77 	1,999.07 	18.00B 	0.23%
2017年11月15日 	2,005.61 	2,019.85 	2,023.75 	1,995.18 	17.94B 	-1.00%
2017年11月14日 	2,025.78 	2,044.32 	2,045.27 	2,018.61 	21.80B 	-0.95%
2017年11月13日 	2,045.18 	2,040.21 	2,046.67 	2,034.96 	21.29B 	0.29%
2017年11月10日 	2,039.17 	2,026.64 	2,041.66 	2,024.44 	20.43B 	0.52%
2017年11月9日 	2,028.69 	2,012.75 	2,028.69 	2,011.23 	18.60B 	0.74%
2017年11月8日 	2,013.71 	2,011.08 	2,029.61 	2,009.54 	21.00B 	0.05%
2017年11月7日 	2,012.72 	1,998.75 	2,012.72 	1,996.76 	19.36B 	0.67%
2017年11月6日 	1,999.30 	1,976.31 	1,999.30 	1,970.20 	17.87B 	1.18%
2017年11月3日 	1,975.92 	1,988.87 	1,994.51 	1,966.65 	17.98B 	-0.71%
2017年11月2日 	1,989.98 	2,000.92 	2,000.92 	1,986.03 	18.12B 	-0.67%
2017年11月1日 	2,003.44 	2,002.51 	2,012.14 	2,000.11 	16.30B 	0.06%
2017年10月31日 	2,002.28 	1,985.23 	2,002.28 	1,984.53 	15.60B 	0.69%
2017年10月30日 	1,988.48 	2,021.53 	2,023.57 	1,971.63 	22.34B 	-1.73%
2017年10月27日 	2,023.50 	2,029.09 	2,032.76 	2,020.68 	17.70B 	-0.34%
2017年10月26日 	2,030.35 	2,023.62 	2,035.27 	2,020.74 	18.39B 	0.25%
2017年10月25日 	2,025.32 	2,008.31 	2,025.32 	2,007.32 	16.00B 	0.78%
2017年10月24日 	2,009.65 	2,009.55 	2,011.30 	1,996.77 	15.63B 	-0.12%
2017年10月23日 	2,012.05 	1,999.29 	2,012.05 	1,997.82 	15.45B 	0.62%
2017年10月20日 	1,999.68 	1,979.36 	1,999.68 	1,977.92 	14.44B 	0.80%
2017年10月19日 	1,983.72 	1,998.21 	2,001.37 	1,981.39 	18.26B 	-0.82%
2017年10月18日 	2,000.11 	2,007.89 	2,014.51 	1,996.20 	17.88B 	-0.40%
2017年10月17日 	2,008.06 	2,002.15 	2,014.16 	1,996.64 	15.74B 	0.11%
2017年10月16日 	2,005.95 	2,035.70 	2,036.17 	2,005.13 	23.63B 	-1.52%
2017年10月13日 	2,036.81 	2,023.70 	2,037.04 	2,022.63 	19.50B 	0.66%
2017年10月12日 	2,023.36 	2,025.16 	2,028.92 	2,010.39 	19.88B 	-0.15%
2017年10月11日 	2,026.47 	2,030.22 	2,034.52 	2,024.81 	22.99B 	-0.18%
2017年10月10日 	2,030.18 	2,013.81 	2,030.18 	2,012.64 	21.44B 	0.78%
2017年10月9日 	2,014.43 	2,013.57 	2,019.34 	2,007.05 	21.67B 	1.30%
2017年9月29日 	1,988.49 	1,976.46 	1,989.05 	1,976.46 	18.11B 	0.69%
2017年9月28日 	1,974.78 	1,977.56 	1,984.66 	1,974.65 	18.29B 	-0.23%
2017年9月27日 	1,979.28 	1,963.61 	1,982.16 	1,963.61 	17.04B 	0.78%
2017年9月26日 	1,964.03 	1,961.43 	1,966.67 	1,953.32 	16.78B 	0.01%
2017年9月25日 	1,963.90 	1,985.92 	1,987.17 	1,961.57 	18.37B 	-1.24%
2017年9月22日 	1,988.59 	1,989.97 	1,992.99 	1,979.76 	19.42B 	-0.34%
2017年9月21日 	1,995.42 	2,011.98 	2,015.42 	1,995.42 	22.16B 	-0.84%
2017年9月20日 	2,012.23 	1,994.14 	2,012.23 	1,992.70 	22.06B 	0.83%
2017年9月19日 	1,995.60 	2,003.49 	2,006.73 	1,989.67 	21.31B 	-0.36%
2017年9月18日 	2,002.74 	1,986.32 	2,002.74 	1,986.32 	20.61B 	0.74%
2017年9月15日 	1,987.98 	1,991.38 	1,995.63 	1,982.62 	22.77B 	-0.28%
2017年9月14日 	1,993.53 	1,995.50 	2,002.42 	1,987.16 	23.76B 	-0.07%
2017年9月13日 	1,994.98 	1,984.90 	1,994.98 	1,980.83 	21.75B 	0.44%
2017年9月12日 	1,986.21 	1,993.16 	2,001.58 	1,982.74 	29.75B 	-0.28%
2017年9月11日 	1,991.73 	1,976.61 	1,991.73 	1,974.45 	22.82B 	0.80%
2017年9月8日 	1,975.87 	1,971.17 	1,981.52 	1,964.89 	21.93B 	0.16%
2017年9月7日 	1,972.74 	1,980.37 	1,987.74 	1,972.22 	25.15B 	-0.34%
2017年9月6日 	1,979.53 	1,967.00 	1,979.53 	1,963.44 	23.69B 	0.37%
2017年9月5日 	1,972.14 	1,967.06 	1,973.38 	1,961.43 	22.62B 	0.20%
2017年9月4日 	1,968.12 	1,956.23 	1,968.85 	1,952.28 	25.39B 	0.60%
2017年9月1日 	1,956.35 	1,946.32 	1,956.35 	1,943.14 	23.68B 	0.59%
2017年8月31日 	1,944.94 	1,939.77 	1,944.94 	1,934.18 	19.38B 	0.31%
2017年8月30日 	1,938.90 	1,931.02 	1,940.80 	1,931.02 	20.56B 	0.35%
2017年8月29日 	1,932.06 	1,935.55 	1,939.51 	1,928.85 	20.90B 	-0.24%
2017年8月28日 	1,936.76 	1,913.16 	1,943.16 	1,913.16 	23.30B 	1.39%
2017年8月25日 	1,910.13 	1,890.35 	1,911.55 	1,890.32 	17.45B 	1.04%
2017年8月24日 	1,890.48 	1,901.37 	1,903.31 	1,887.64 	16.22B 	-0.61%
2017年8月23日 	1,902.00 	1,905.99 	1,909.23 	1,895.17 	17.10B 	-0.33%
2017年8月22日 	1,908.32 	1,916.19 	1,916.27 	1,904.59 	19.16B 	-0.42%
2017年8月21日 	1,916.42 	1,903.78 	1,916.42 	1,903.78 	18.68B 	0.74%
2017年8月18日 	1,902.25 	1,898.36 	1,906.05 	1,894.15 	19.80B 	-0.37%
2017年8月17日 	1,909.38 	1,898.01 	1,909.73 	1,896.33 	22.37B 	0.58%
2017年8月16日 	1,898.39 	1,885.71 	1,901.64 	1,880.26 	21.71B 	0.59%
2017年8月15日 	1,887.28 	1,881.10 	1,887.28 	1,877.18 	19.02B 	0.40%
2017年8月14日 	1,879.77 	1,844.48 	1,879.77 	1,844.48 	20.26B 	2.02%
2017年8月11日 	1,842.60 	1,860.12 	1,867.12 	1,840.98 	22.35B 	-1.60%
2017年8月10日 	1,872.60 	1,881.79 	1,888.85 	1,860.24 	21.90B 	-0.69%
2017年8月9日 	1,885.55 	1,877.94 	1,885.59 	1,873.10 	21.34B 	0.34%
2017年8月8日 	1,879.16 	1,872.76 	1,881.69 	1,867.96 	22.90B 	0.37%
2017年8月7日 	1,872.29 	1,857.27 	1,872.29 	1,856.89 	19.34B 	0.74%
2017年8月4日 	1,858.49 	1,868.23 	1,872.01 	1,858.49 	23.75B 	-0.57%
2017年8月3日 	1,869.21 	1,866.01 	1,879.87 	1,862.76 	22.52B 	-0.01%
2017年8月2日 	1,869.32 	1,882.02 	1,885.45 	1,868.28 	24.84B 	-0.70%
2017年8月1日 	1,882.47 	1,878.62 	1,882.68 	1,873.35 	23.30B 	0.18%
2017年7月31日 	1,879.10 	1,868.18 	1,881.15 	1,864.30 	23.65B 	0.57%
2017年7月28日 	1,868.37 	1,863.13 	1,871.84 	1,861.69 	20.65B 	0.13%
2017年7月27日 	1,865.96 	1,840.83 	1,868.28 	1,831.86 	25.06B 	1.24%
2017年7月26日 	1,843.12 	1,849.65 	1,851.98 	1,833.93 	19.34B 	-0.30%
2017年7月25日 	1,848.59 	1,853.02 	1,857.43 	1,841.39 	17.97B 	-0.33%
2017年7月24日 	1,854.67 	1,842.91 	1,855.13 	1,840.23 	19.72B 	0.48%
2017年7月21日 	1,845.81 	1,845.40 	1,852.28 	1,842.88 	17.86B 	-0.12%
2017年7月20日 	1,847.97 	1,837.48 	1,853.86 	1,836.16 	20.44B 	0.48%
2017年7月19日 	1,839.06 	1,807.31 	1,839.06 	1,803.68 	21.42B 	1.53%
2017年7月18日 	1,811.33 	1,792.01 	1,811.33 	1,784.42 	17.60B 	0.60%
2017年7月17日 	1,800.54 	1,872.23 	1,872.33 	1,795.65 	24.46B 	-4.28%
2017年7月14日 	1,881.01 	1,885.53 	1,885.61 	1,875.51 	16.09B 	-0.41%
2017年7月13日 	1,888.70 	1,887.74 	1,892.58 	1,883.39 	17.22B 	-0.04%
2017年7月12日 	1,889.45 	1,890.46 	1,894.98 	1,868.32 	18.87B 	-0.11%
2017年7月11日 	1,891.60 	1,902.58 	1,909.02 	1,891.60 	18.79B 	-0.72%
2017年7月10日 	1,905.37 	1,914.19 	1,916.78 	1,903.19 	21.27B 	-0.67%
2017年7月7日 	1,918.13 	1,910.41 	1,918.13 	1,908.39 	19.47B 	0.18%
2017年7月6日 	1,914.59 	1,911.98 	1,917.26 	1,898.92 	20.10B 	0.08%
2017年7月5日 	1,913.14 	1,894.70 	1,913.14 	1,892.45 	16.93B 	0.88%
2017年7月4日 	1,896.53 	1,904.26 	1,904.26 	1,891.24 	16.07B 	-0.46%
2017年7月3日 	1,905.20 	1,898.32 	1,905.20 	1,890.88 	15.64B 	0.40%
2017年6月30日 	1,897.69 	1,886.67 	1,898.83 	1,883.89 	14.41B 	0.29%
2017年6月29日 	1,892.27 	1,884.47 	1,896.20 	1,884.47 	14.95B 	0.47%
2017年6月28日 	1,883.37 	1,894.00 	1,894.05 	1,880.86 	15.38B 	-0.80%
2017年6月27日 	1,898.54 	1,896.34 	1,901.87 	1,889.91 	16.05B 	0.09%
2017年6月26日 	1,896.79 	1,871.72 	1,896.79 	1,871.72 	17.73B 	1.36%
2017年6月23日 	1,871.34 	1,859.68 	1,871.34 	1,842.92 	17.10B 	0.46%
2017年6月22日 	1,862.84 	1,885.81 	1,891.41 	1,862.84 	18.97B 	-1.29%
2017年6月21日 	1,887.19 	1,883.53 	1,887.19 	1,872.72 	16.52B 	0.43%
2017年6月20日 	1,879.06 	1,879.45 	1,886.15 	1,876.47 	17.37B 	0.12%
2017年6月19日 	1,876.85 	1,865.06 	1,876.85 	1,865.06 	14.79B 	0.58%
2017年6月16日 	1,866.05 	1,869.66 	1,872.14 	1,863.24 	15.76B 	-0.20%
2017年6月15日 	1,869.71 	1,849.88 	1,871.80 	1,849.87 	17.85B 	0.91%
2017年6月14日 	1,852.79 	1,857.69 	1,860.88 	1,850.79 	16.16B 	-0.38%
2017年6月13日 	1,859.88 	1,834.01 	1,861.44 	1,833.78 	15.47B 	1.26%
2017年6月12日 	1,836.76 	1,849.37 	1,853.77 	1,835.15 	15.74B 	-1.10%
2017年6月9日 	1,857.17 	1,852.40 	1,857.67 	1,844.88 	16.37B 	0.23%
2017年6月8日 	1,852.86 	1,850.61 	1,858.26 	1,848.70 	18.16B 	0.13%
2017年6月7日 	1,850.53 	1,810.55 	1,850.53 	1,809.96 	19.51B 	2.19%
2017年6月6日 	1,810.80 	1,798.85 	1,810.80 	1,795.70 	12.82B 	0.55%
2017年6月5日 	1,800.93 	1,791.11 	1,805.00 	1,791.11 	13.46B 	0.69%
2017年6月2日 	1,788.60 	1,767.30 	1,791.44 	1,753.53 	14.84B 	0.85%
2017年6月1日 	1,773.61 	1,802.08 	1,803.89 	1,773.20 	15.52B 	-1.92%
2017年5月31日 	1,808.30 	1,828.01 	1,834.74 	1,807.49 	15.69B 	-0.10%
2017年5月26日 	1,810.11 	1,810.54 	1,818.31 	1,805.87 	15.57B 	-0.10%
2017年5月25日 	1,811.90 	1,795.68 	1,815.84 	1,779.15 	17.41B 	0.72%
2017年5月24日 	1,798.87 	1,781.27 	1,798.87 	1,757.78 	14.48B 	0.53%
2017年5月23日 	1,789.47 	1,823.44 	1,827.77 	1,788.55 	16.97B 	-2.12%
2017年5月22日 	1,828.22 	1,851.87 	1,858.58 	1,822.57 	15.76B 	-1.38%
2017年5月19日 	1,853.71 	1,855.80 	1,861.63 	1,845.21 	14.35B 	-0.12%
2017年5月18日 	1,855.99 	1,853.59 	1,870.62 	1,849.03 	16.02B 	-0.63%
2017年5月17日 	1,867.68 	1,863.98 	1,878.73 	1,862.77 	19.21B 	0.13%
2017年5月16日 	1,865.27 	1,823.48 	1,865.27 	1,812.57 	18.78B 	2.09%
2017年5月15日 	1,827.02 	1,823.26 	1,832.47 	1,823.26 	13.30B 	0.37%
2017年5月12日 	1,820.20 	1,815.33 	1,823.77 	1,805.31 	14.10B 	0.06%
2017年5月11日 	1,819.15 	1,811.21 	1,819.15 	1,777.52 	17.34B 	-0.19%
2017年5月10日 	1,822.56 	1,846.92 	1,859.38 	1,822.10 	15.62B 	-1.36%
2017年5月9日 	1,847.64 	1,828.34 	1,847.64 	1,818.12 	13.90B 	0.66%
2017年5月8日 	1,835.59 	1,867.53 	1,870.20 	1,835.59 	16.44B 	-1.99%
2017年5月5日 	1,872.79 	1,890.47 	1,893.05 	1,872.79 	16.62B 	-1.24%
2017年5月4日 	1,896.36 	1,897.09 	1,912.62 	1,887.18 	17.61B 	-0.28%
2017年5月3日 	1,901.75 	1,904.55 	1,911.13 	1,893.55 	16.81B 	-0.27%
2017年5月2日 	1,906.88 	1,903.32 	1,907.79 	1,897.98 	15.79B 	-0.00%
2017年4月28日 	1,906.92 	1,895.56 	1,906.92 	1,893.07 	16.45B 	0.36%
2017年4月27日 	1,900.03 	1,885.02 	1,902.56 	1,853.50 	20.46B 	0.54%
2017年4月26日 	1,889.79 	1,881.40 	1,895.23 	1,880.98 	16.54B 	0.37%
2017年4月25日 	1,882.86 	1,874.28 	1,892.94 	1,873.25 	15.41B 	0.51%
2017年4月24日 	1,873.37 	1,914.26 	1,914.26 	1,869.41 	16.01B 	-2.44%
2017年4月21日 	1,920.22 	1,928.42 	1,936.28 	1,918.35 	14.45B 	-0.44%
2017年4月20日 	1,928.78 	1,931.68 	1,942.06 	1,916.21 	17.35B 	-0.19%
2017年4月19日 	1,932.46 	1,939.65 	1,940.87 	1,910.65 	19.87B 	-0.72%
2017年4月18日 	1,946.42 	1,957.04 	1,968.30 	1,944.72 	18.43B 	-0.62%
2017年4月17日 	1,958.55 	1,976.15 	1,976.15 	1,949.75 	19.42B 	-1.41%
2017年4月14日 	1,986.65 	2,014.82 	2,014.85 	1,985.23 	21.85B 	-1.39%
2017年4月13日 	2,014.67 	2,004.32 	2,020.66 	2,002.85 	20.49B 	0.38%
2017年4月12日 	2,007.00 	2,020.61 	2,021.74 	2,006.42 	25.64B 	-0.76%
2017年4月11日 	2,022.38 	2,006.66 	2,022.50 	1,986.75 	26.74B 	0.69%
2017年4月10日 	2,008.50 	2,025.25 	2,025.25 	2,006.48 	23.95B 	-0.98%
2017年4月7日 	2,028.33 	2,027.87 	2,034.79 	2,024.42 	20.50B 	-0.04%
2017年4月6日 	2,029.21 	2,026.30 	2,032.29 	2,022.57 	19.11B 	0.30%
2017年4月5日 	2,023.20 	1,995.81 	2,023.20 	1,995.81 	20.16B 	1.85%
2017年3月31日 	1,986.47 	1,978.93 	1,988.90 	1,975.27 	15.95B 	0.35%
2017年3月30日 	1,979.58 	2,015.20 	2,015.20 	1,975.98 	20.95B 	-1.97%
2017年3月29日 	2,019.39 	2,034.67 	2,036.80 	2,016.77 	18.50B 	-0.73%
2017年3月28日 	2,034.22 	2,037.92 	2,041.84 	2,030.93 	15.84B 	-0.25%
2017年3月27日 	2,039.41 	2,047.02 	2,048.83 	2,037.50 	17.91B 	-0.36%
2017年3月24日 	2,046.74 	2,038.33 	2,048.89 	2,035.78 	18.49B 	0.40%
2017年3月23日 	2,038.60 	2,038.32 	2,046.59 	2,017.07 	18.72B 	0.03%
2017年3月22日 	2,037.89 	2,034.56 	2,042.37 	2,024.20 	18.21B 	-0.30%
2017年3月21日 	2,043.94 	2,035.01 	2,043.94 	2,033.01 	15.95B 	0.39%
2017年3月20日 	2,036.05 	2,028.00 	2,036.05 	2,021.54 	16.93B 	0.31%
2017年3月17日 	2,029.73 	2,047.15 	2,054.02 	2,029.59 	20.37B 	-0.81%
2017年3月16日 	2,046.31 	2,030.61 	2,046.31 	2,030.61 	18.61B 	0.96%
2017年3月15日 	2,026.76 	2,023.72 	2,029.29 	2,018.65 	15.66B 	-0.02%
2017年3月14日 	2,027.11 	2,030.24 	2,034.51 	2,023.48 	16.14B 	-0.14%
2017年3月13日 	2,029.89 	2,012.69 	2,029.89 	2,000.76 	16.55B 	0.81%
2017年3月10日 	2,013.64 	2,008.17 	2,018.34 	2,008.17 	14.73B 	0.20%
2017年3月9日 	2,009.55 	2,021.43 	2,021.44 	2,005.36 	16.08B 	-0.73%
2017年3月8日 	2,024.28 	2,030.92 	2,030.92 	2,017.85 	16.09B 	-0.36%
2017年3月7日 	2,031.63 	2,026.18 	2,031.63 	2,020.68 	17.74B 	0.30%
2017年3月6日 	2,025.54 	2,003.56 	2,025.54 	2,003.56 	17.72B 	1.18%
2017年3月3日 	2,001.91 	1,991.83 	2,003.81 	1,985.53 	16.47B 	0.21%
2017年3月2日 	1,997.72 	2,010.72 	2,013.52 	1,996.90 	17.66B 	-0.56%
2017年3月1日 	2,008.87 	2,004.00 	2,016.30 	2,002.65 	18.02B 	0.38%
2017年2月28日 	2,001.32 	1,990.34 	2,001.32 	1,989.15 	15.53B 	0.63%
2017年2月27日 	1,988.77 	2,001.63 	2,003.67 	1,987.15 	17.29B 	-0.58%
2017年2月24日 	2,000.38 	1,990.85 	2,000.90 	1,989.12 	17.57B 	0.42%
2017年2月23日 	1,991.98 	1,990.26 	1,992.78 	1,980.66 	19.96B 	0.08%
2017年2月22日 	1,990.34 	1,980.99 	1,990.34 	1,977.52 	19.38B 	0.46%
2017年2月21日 	1,981.14 	1,964.14 	1,981.14 	1,963.19 	18.93B 	0.95%
2017年2月20日 	1,962.53 	1,944.29 	1,962.53 	1,943.76 	17.91B 	0.90%
2017年2月17日 	1,945.11 	1,958.26 	1,964.56 	1,941.76 	18.08B 	-0.66%
2017年2月16日 	1,958.12 	1,945.51 	1,958.67 	1,943.25 	16.47B 	0.57%
2017年2月15日 	1,947.04 	1,963.06 	1,968.62 	1,943.64 	18.47B 	-0.88%
2017年2月14日 	1,964.32 	1,964.78 	1,966.82 	1,958.43 	16.20B 	-0.02%
2017年2月13日 	1,964.75 	1,948.93 	1,965.31 	1,946.99 	18.19B 	0.74%
2017年2月10日 	1,950.32 	1,954.79 	1,956.77 	1,947.84 	18.90B 	-0.22%
2017年2月9日 	1,954.62 	1,940.84 	1,956.38 	1,939.63 	17.44B 	0.66%
2017年2月8日 	1,941.79 	1,924.23 	1,941.79 	1,915.31 	15.14B 	0.76%
2017年2月7日 	1,927.17 	1,925.90 	1,931.19 	1,917.91 	14.03B 	-0.02%
2017年2月6日 	1,927.57 	1,910.21 	1,927.57 	1,906.84 	12.57B 	0.93%
2017年2月3日 	1,909.79 	1,918.79 	1,920.09 	1,904.67 	9.88B 	-0.39%
2017年1月26日 	1,917.32 	1,906.69 	1,917.32 	1,906.65 	10.37B 	0.70%
2017年1月25日 	1,904.04 	1,894.24 	1,907.07 	1,892.30 	11.08B 	0.40%
2017年1月24日 	1,896.45 	1,901.53 	1,902.14 	1,893.88 	12.48B 	-0.30%
2017年1月23日 	1,902.14 	1,888.09 	1,907.04 	1,888.09 	13.33B 	0.87%
2017年1月20日 	1,885.77 	1,854.68 	1,889.24 	1,854.68 	12.64B 	1.52%
2017年1月19日 	1,857.46 	1,858.98 	1,868.60 	1,850.61 	11.46B 	-0.38%
2017年1月18日 	1,864.59 	1,867.98 	1,875.64 	1,860.52 	11.92B 	-0.45%
2017年1月17日 	1,873.02 	1,844.50 	1,873.02 	1,823.51 	14.12B 	1.17%
2017年1月16日 	1,851.41 	1,914.95 	1,915.02 	1,804.53 	19.33B 	-3.62%
2017年1月13日 	1,921.00 	1,951.00 	1,953.93 	1,918.97 	14.58B 	-1.55%
2017年1月12日 	1,951.31 	1,966.66 	1,973.06 	1,949.75 	14.69B 	-0.87%
2017年1月11日 	1,968.43 	1,985.86 	1,992.08 	1,968.43 	15.14B 	-1.05%
2017年1月10日 	1,989.29 	1,993.06 	1,999.69 	1,988.20 	15.86B 	-0.24%
2017年1月9日 	1,994.15 	1,985.76 	1,995.12 	1,981.04 	15.40B 	0.30%
2017年1月6日 	1,988.13 	2,003.36 	2,003.59 	1,987.39 	16.79B 	-0.87%
2017年1月5日 	2,005.58 	2,008.34 	2,011.26 	2,005.00 	17.22B 	-0.16%
2017年1月4日 	2,008.79 	1,986.49 	2,008.79 	1,984.38 	17.63B 	1.15%
2017年1月3日 	1,985.95 	1,972.55 	1,985.95 	1,972.55 	14.28B 	0.86%
2016年12月30日 	1,969.11 	1,967.53 	1,973.85 	1,962.44 	13.10B 	0.15%
2016年12月29日 	1,966.24 	1,969.03 	1,979.41 	1,965.16 	12.99B 	-0.31%
2016年12月28日 	1,972.35 	1,978.47 	1,982.91 	1,968.68 	13.84B 	-0.37%
2016年12月27日 	1,979.73 	1,977.68 	1,985.88 	1,976.45 	13.59B 	0.07%
2016年12月26日 	1,978.37 	1,963.09 	1,978.37 	1,942.14 	14.27B 	0.37%
2016年12月23日 	1,971.06 	1,992.32 	1,993.40 	1,969.51 	14.79B 	-1.12%
2016年12月22日 	1,993.37 	1,995.65 	1,996.58 	1,984.43 	14.58B 	-0.13%
2016年12月21日 	1,996.03 	1,985.02 	1,996.36 	1,985.02 	15.42B 	0.74%
2016年12月20日 	1,981.32 	1,982.48 	1,984.31 	1,972.92 	15.13B 	-0.14%
2016年12月19日 	1,984.10 	1,990.80 	1,990.80 	1,979.56 	15.84B 	-0.38%
2016年12月16日 	1,991.64 	1,973.58 	1,993.26 	1,971.98 	16.66B 	0.95%
2016年12月15日 	1,972.90 	1,953.20 	1,985.60 	1,951.92 	16.86B 	0.67%
2016年12月14日 	1,959.86 	1,973.00 	1,980.04 	1,954.81 	17.27B 	-0.81%
2016年12月13日 	1,975.88 	1,963.15 	1,982.20 	1,946.70 	17.70B 	0.33%
2016年12月12日 	1,969.33 	2,068.71 	2,069.45 	1,967.72 	24.31B 	-4.86%
2016年12月9日 	2,070.01 	2,075.11 	2,079.56 	2,066.16 	16.53B 	-0.35%
2016年12月8日 	2,077.37 	2,091.67 	2,091.96 	2,076.15 	16.89B 	-0.62%
2016年12月7日 	2,090.33 	2,071.51 	2,090.33 	2,067.13 	16.54B 	0.91%
2016年12月6日 	2,071.44 	2,071.45 	2,078.51 	2,068.92 	15.34B 	0.16%
2016年12月5日 	2,068.17 	2,063.07 	2,084.24 	2,059.25 	18.27B 	-0.78%
2016年12月2日 	2,084.49 	2,119.18 	2,120.22 	2,083.40 	20.66B 	-1.66%
2016年12月1日 	2,119.69 	2,110.04 	2,119.69 	2,110.04 	18.85B 	0.61%
2016年11月30日 	2,106.91 	2,106.57 	2,116.28 	2,100.30 	19.42B 	-0.16%
2016年11月29日 	2,110.36 	2,122.44 	2,131.79 	2,110.31 	22.79B 	-0.77%
2016年11月28日 	2,126.82 	2,134.62 	2,136.92 	2,125.56 	21.97B 	-0.14%
2016年11月25日 	2,129.85 	2,119.73 	2,129.85 	2,088.32 	22.06B 	0.39%
2016年11月24日 	2,121.49 	2,126.85 	2,133.85 	2,116.88 	22.79B 	-0.38%
2016年11月23日 	2,129.51 	2,140.52 	2,143.78 	2,125.18 	24.48B 	-0.39%
2016年11月22日 	2,137.88 	2,121.94 	2,137.88 	2,121.94 	22.42B 	0.89%
2016年11月21日 	2,118.94 	2,110.60 	2,122.74 	2,110.28 	20.17B 	0.36%
2016年11月18日 	2,111.28 	2,117.82 	2,123.44 	2,108.63 	19.90B 	-0.26%
2016年11月17日 	2,116.86 	2,119.86 	2,121.25 	2,106.92 	21.23B 	-0.38%
2016年11月16日 	2,124.85 	2,126.45 	2,131.95 	2,124.00 	25.05B 	0.02%
2016年11月15日 	2,124.40 	2,114.16 	2,124.40 	2,107.26 	24.08B 	0.48%
2016年11月14日 	2,114.30 	2,104.00 	2,120.35 	2,101.70 	28.54B 	0.30%
2016年11月11日 	2,108.03 	2,097.04 	2,108.03 	2,093.96 	28.20B 	0.53%
2016年11月10日 	2,096.89 	2,083.71 	2,098.37 	2,083.71 	24.23B 	1.37%
2016年11月9日 	2,068.47 	2,080.56 	2,082.84 	2,041.33 	24.69B 	-0.57%
2016年11月8日 	2,080.43 	2,073.17 	2,082.89 	2,070.83 	20.02B 	0.66%
2016年11月7日 	2,066.81 	2,066.96 	2,072.59 	2,060.78 	20.58B 	-0.02%
2016年11月4日 	2,067.15 	2,071.60 	2,081.12 	2,063.20 	20.43B 	-0.21%
2016年11月3日 	2,071.59 	2,055.16 	2,085.92 	2,053.54 	23.36B 	0.56%
2016年11月2日 	2,060.05 	2,069.16 	2,075.04 	2,058.76 	20.80B 	-0.63%
2016年11月1日 	2,073.11 	2,051.93 	2,073.11 	2,051.93 	17.76B 	1.11%
2016年10月31日 	2,050.28 	2,046.27 	2,052.65 	2,035.58 	16.46B 	-0.08%
2016年10月28日 	2,052.02 	2,067.11 	2,074.88 	2,051.98 	19.25B 	-0.78%
2016年10月27日 	2,068.09 	2,067.07 	2,068.47 	2,059.48 	17.82B 	-0.06%
2016年10月26日 	2,069.36 	2,077.29 	2,077.31 	2,063.19 	21.82B 	-0.40%
2016年10月25日 	2,077.75 	2,071.16 	2,077.80 	2,070.61 	20.62B 	0.36%
2016年10月24日 	2,070.21 	2,053.08 	2,073.42 	2,049.73 	21.04B 	0.86%
2016年10月21日 	2,052.56 	2,059.08 	2,060.60 	2,035.52 	20.09B 	-0.38%
2016年10月20日 	2,060.39 	2,054.51 	2,063.02 	2,052.13 	19.55B 	0.32%
2016年10月19日 	2,053.79 	2,059.46 	2,063.16 	2,048.68 	20.12B 	-0.14%
2016年10月18日 	2,056.59 	2,025.07 	2,056.59 	2,025.04 	19.11B 	1.43%
2016年10月17日 	2,027.56 	2,048.88 	2,051.64 	2,022.04 	19.19B 	-0.94%
2016年10月14日 	2,046.74 	2,046.60 	2,047.75 	2,032.90 	17.90B 	-0.13%
2016年10月13日 	2,049.31 	2,046.81 	2,054.56 	2,044.17 	18.82B 	0.11%
2016年10月12日 	2,047.12 	2,037.91 	2,047.12 	2,034.55 	18.23B 	0.17%
2016年10月11日 	2,043.69 	2,033.64 	2,043.69 	2,031.23 	19.42B 	0.51%
2016年10月10日 	2,033.38 	2,004.73 	2,033.38 	1,999.80 	18.53B 	1.89%
2016年9月30日 	1,995.61 	1,983.99 	1,998.27 	1,983.41 	12.81B 	0.49%
2016年9月29日 	1,985.92 	1,979.46 	1,993.87 	1,979.46 	13.76B 	0.39%
2016年9月28日 	1,978.30 	1,982.18 	1,983.51 	1,974.68 	12.88B 	-0.15%
2016年9月27日 	1,981.26 	1,962.59 	1,981.26 	1,955.17 	14.84B 	0.75%
2016年9月26日 	1,966.60 	2,004.16 	2,004.16 	1,966.60 	17.99B 	-2.07%
2016年9月23日 	2,008.12 	2,019.57 	2,020.84 	2,007.79 	16.57B 	-0.50%
2016年9月22日 	2,018.16 	2,016.64 	2,024.75 	2,015.01 	17.15B 	0.63%
2016年9月21日 	2,005.60 	1,999.53 	2,010.45 	1,998.86 	14.41B 	0.28%
2016年9月20日 	2,000.06 	2,002.68 	2,003.28 	1,994.95 	14.64B 	-0.06%
2016年9月19日 	2,001.29 	1,984.12 	2,001.37 	1,984.12 	14.24B 	1.06%
2016年9月14日 	1,980.25 	1,980.32 	1,991.54 	1,973.11 	15.27B 	-0.46%
2016年9月13日 	1,989.33 	1,987.77 	1,993.66 	1,977.79 	16.33B 	0.62%
2016年9月12日 	1,977.06 	1,998.50 	2,007.00 	1,976.97 	21.90B 	-2.85%
2016年9月9日 	2,035.02 	2,050.59 	2,054.60 	2,035.02 	19.55B 	-0.73%
2016年9月8日 	2,050.08 	2,043.11 	2,051.57 	2,038.38 	18.32B 	0.27%
2016年9月7日 	2,044.55 	2,048.18 	2,057.78 	2,042.43 	23.28B 	-0.18%
2016年9月6日 	2,048.19 	2,019.27 	2,048.19 	2,002.81 	21.68B 	1.49%
2016年9月5日 	2,018.10 	2,015.19 	2,029.03 	2,014.29 	16.33B 	0.44%
2016年9月2日 	2,009.29 	2,014.41 	2,024.46 	1,999.76 	16.46B 	-0.40%
2016年9月1日 	2,017.46 	2,032.57 	2,035.29 	2,017.46 	17.95B 	-0.76%
2016年8月31日 	2,032.87 	2,028.57 	2,034.21 	2,016.65 	17.31B 	0.22%
2016年8月30日 	2,028.36 	2,028.85 	2,039.08 	2,025.05 	16.54B 	0.06%
2016年8月29日 	2,027.15 	2,021.68 	2,032.67 	2,019.41 	16.79B 	0.20%
2016年8月26日 	2,023.09 	2,022.96 	2,039.13 	2,019.02 	18.76B 	0.20%
2016年8月25日 	2,019.02 	2,019.53 	2,022.09 	1,995.60 	20.07B 	-0.55%
2016年8月24日 	2,030.28 	2,026.14 	2,040.04 	2,023.99 	18.30B 	0.31%
2016年8月23日 	2,024.05 	2,016.93 	2,031.31 	2,010.95 	18.91B 	0.27%
2016年8月22日 	2,018.66 	2,045.35 	2,050.03 	2,018.26 	21.40B 	-1.27%
2016年8月19日 	2,044.70 	2,040.65 	2,050.99 	2,033.42 	21.52B 	0.12%
2016年8月18日 	2,042.22 	2,040.35 	2,051.31 	2,034.93 	25.43B 	-0.05%
2016年8月17日 	2,043.27 	2,036.97 	2,049.65 	2,031.16 	23.96B 	0.32%
2016年8月16日 	2,036.80 	2,026.34 	2,042.37 	2,026.31 	26.12B 	0.67%
2016年8月15日 	2,023.24 	1,977.23 	2,028.88 	1,974.34 	28.53B 	2.51%
2016年8月12日 	1,973.66 	1,947.28 	1,973.66 	1,946.01 	17.00B 	1.17%
2016年8月11日 	1,950.92 	1,972.54 	1,976.90 	1,950.92 	18.02B 	-1.28%
2016年8月10日 	1,976.16 	1,982.11 	1,988.79 	1,976.10 	18.77B 	-0.33%
2016年8月9日 	1,982.66 	1,961.72 	1,982.66 	1,960.56 	18.50B 	1.04%
2016年8月8日 	1,962.26 	1,935.83 	1,962.26 	1,922.69 	16.80B 	1.06%
2016年8月5日 	1,941.61 	1,948.62 	1,954.75 	1,940.47 	15.90B 	-0.37%
2016年8月4日 	1,948.91 	1,933.61 	1,950.58 	1,926.47 	16.63B 	0.73%
2016年8月3日 	1,934.82 	1,923.24 	1,936.81 	1,919.03 	15.00B 	0.42%
2016年8月2日 	1,926.69 	1,910.24 	1,926.69 	1,909.27 	12.82B 	0.73%
2016年8月1日 	1,912.65 	1,933.19 	1,933.19 	1,892.99 	17.17B 	-1.49%
2016年7月29日 	1,941.56 	1,950.11 	1,955.05 	1,932.23 	16.81B 	-0.48%
2016年7月28日 	1,950.99 	1,949.54 	1,964.69 	1,922.85 	21.85B 	-0.15%
2016年7月27日 	1,953.99 	2,045.89 	2,047.19 	1,932.45 	31.91B 	-4.45%
2016年7月26日 	2,044.96 	2,019.27 	2,044.96 	2,019.19 	18.94B 	1.25%
2016年7月25日 	2,019.81 	2,015.55 	2,030.39 	2,009.71 	19.35B 	0.01%
2016年7月22日 	2,019.57 	2,037.25 	2,040.79 	2,017.77 	21.00B 	-0.91%
2016年7月21日 	2,038.18 	2,035.50 	2,052.69 	2,030.82 	21.59B 	0.11%
2016年7月20日 	2,035.85 	2,035.35 	2,045.81 	2,031.09 	20.11B 	0.07%
2016年7月19日 	2,034.45 	2,026.23 	2,034.45 	2,011.51 	20.04B 	0.32%
2016年7月18日 	2,027.88 	2,034.02 	2,040.10 	2,017.10 	21.89B 	-0.53%
2016年7月15日 	2,038.73 	2,045.10 	2,047.76 	2,030.91 	22.51B 	-0.30%
2016年7月14日 	2,044.93 	2,039.56 	2,045.44 	2,031.48 	23.51B 	0.16%
2016年7月13日 	2,041.66 	2,029.41 	2,047.32 	2,024.40 	28.53B 	0.82%
2016年7月12日 	2,025.02 	1,998.75 	2,025.02 	1,973.74 	28.37B 	1.20%
2016年7月11日 	2,000.98 	2,015.55 	2,027.82 	1,999.34 	26.27B 	-0.56%
2016年7月8日 	2,012.29 	2,013.17 	2,023.62 	2,003.63 	22.68B 	-0.14%
2016年7月7日 	2,015.15 	2,013.22 	2,022.65 	1,995.40 	28.10B 	-0.00%
2016年7月6日 	2,015.17 	2,000.87 	2,015.82 	1,995.01 	24.98B 	0.44%
2016年7月5日 	2,006.38 	2,002.42 	2,009.24 	1,992.73 	26.38B 	0.23%
2016年7月4日 	2,001.69 	1,956.49 	2,004.99 	1,955.20 	25.41B 	1.57%
2016年7月1日 	1,970.72 	1,976.31 	1,985.90 	1,963.81 	20.48B 	-0.18%
2016年6月30日 	1,974.24 	1,973.94 	1,979.02 	1,963.80 	22.31B 	0.05%
2016年6月29日 	1,973.34 	1,977.41 	1,982.26 	1,963.90 	24.96B 	0.15%
2016年6月28日 	1,970.38 	1,940.28 	1,972.11 	1,937.99 	26.83B 	1.22%
2016年6月27日 	1,946.70 	1,887.92 	1,946.70 	1,887.82 	23.50B 	2.43%
2016年6月24日 	1,900.60 	1,912.13 	1,927.44 	1,845.64 	27.09B 	-0.76%
2016年6月23日 	1,915.21 	1,920.00 	1,926.27 	1,900.86 	21.72B 	-0.32%
2016年6月22日 	1,921.38 	1,884.46 	1,921.38 	1,882.55 	19.71B 	1.68%
2016年6月21日 	1,889.71 	1,920.11 	1,932.32 	1,881.07 	23.49B 	-1.02%
2016年6月20日 	1,909.12 	1,900.91 	1,913.30 	1,882.78 	19.96B 	0.44%
2016年6月17日 	1,900.73 	1,890.00 	1,914.33 	1,885.62 	22.65B 	0.81%
2016年6月16日 	1,885.44 	1,888.44 	1,900.03 	1,879.59 	23.47B 	-0.23%
2016年6月15日 	1,889.87 	1,812.96 	1,897.91 	1,810.66 	22.96B 	3.12%
2016年6月14日 	1,832.63 	1,817.77 	1,836.67 	1,812.31 	16.92B 	0.29%
2016年6月13日 	1,827.36 	1,892.07 	1,905.11 	1,827.36 	23.32B 	-4.76%
2016年6月8日 	1,918.62 	1,921.39 	1,930.45 	1,901.68 	20.81B 	-0.33%
2016年6月7日 	1,924.88 	1,920.40 	1,926.35 	1,909.06 	19.95B 	0.25%
2016年6月6日 	1,920.12 	1,920.65 	1,924.55 	1,906.74 	20.84B 	0.28%
2016年6月3日 	1,914.81 	1,905.22 	1,927.45 	1,899.83 	25.14B 	0.53%
2016年6月2日 	1,904.74 	1,884.00 	1,904.74 	1,882.76 	23.17B 	0.97%
2016年6月1日 	1,886.51 	1,877.30 	1,898.51 	1,876.62 	26.54B 	0.76%
2016年5月31日 	1,872.36 	1,801.03 	1,872.36 	1,801.03 	25.58B 	4.09%
2016年5月30日 	1,798.77 	1,795.93 	1,813.94 	1,780.59 	13.86B 	-0.46%
2016年5月27日 	1,807.04 	1,804.49 	1,820.24 	1,799.81 	15.97B 	-0.10%
2016年5月26日 	1,808.92 	1,795.17 	1,808.92 	1,763.45 	16.61B 	0.48%
2016年5月25日 	1,800.23 	1,816.07 	1,825.33 	1,792.65 	15.18B 	-0.24%
2016年5月24日 	1,804.60 	1,818.36 	1,818.36 	1,792.33 	15.57B 	-0.90%
2016年5月23日 	1,820.99 	1,799.05 	1,821.80 	1,799.05 	16.90B 	1.45%
2016年5月20日 	1,794.95 	1,761.34 	1,794.95 	1,755.23 	15.00B 	1.07%
2016年5月19日 	1,775.88 	1,764.79 	1,798.46 	1,764.79 	15.65B 	0.55%
2016年5月18日 	1,766.08 	1,799.43 	1,799.43 	1,746.76 	17.77B 	-2.68%
2016年5月17日 	1,814.68 	1,816.19 	1,832.43 	1,801.81 	17.76B 	-0.02%
2016年5月16日 	1,815.03 	1,778.93 	1,815.03 	1,771.26 	14.91B 	1.72%
2016年5月13日 	1,784.33 	1,784.19 	1,806.39 	1,774.56 	14.25B 	-0.32%
2016年5月12日 	1,790.03 	1,766.26 	1,790.36 	1,738.70 	15.60B 	-0.06%
2016年5月11日 	1,791.06 	1,812.25 	1,817.29 	1,784.99 	15.41B 	-0.62%
2016年5月10日 	1,802.27 	1,799.70 	1,812.78 	1,792.46 	13.69B 	-0.11%
2016年5月9日 	1,804.34 	1,852.65 	1,852.65 	1,795.86 	20.19B 	-3.59%
2016年5月6日 	1,871.61 	1,944.29 	1,950.11 	1,871.61 	25.92B 	-3.65%
2016年5月5日 	1,942.54 	1,925.32 	1,943.45 	1,921.40 	18.09B 	0.72%
2016年5月4日 	1,928.63 	1,922.11 	1,943.30 	1,919.67 	20.56B 	-0.02%
2016年5月3日 	1,929.03 	1,873.68 	1,929.03 	1,865.76 	20.36B 	2.94%
2016年4月29日 	1,873.99 	1,866.05 	1,883.54 	1,863.61 	14.04B 	-0.02%
2016年4月28日 	1,874.31 	1,876.75 	1,880.43 	1,840.25 	16.98B 	-0.12%
2016年4月27日 	1,876.51 	1,884.49 	1,896.08 	1,873.29 	16.94B 	-0.29%
2016年4月26日 	1,881.99 	1,857.68 	1,881.99 	1,855.30 	15.14B 	1.19%
2016年4月25日 	1,859.90 	1,861.80 	1,865.61 	1,835.88 	15.41B 	-0.41%
2016年4月22日 	1,867.56 	1,836.13 	1,867.56 	1,832.43 	17.07B 	1.03%
2016年4月21日 	1,848.53 	1,862.59 	1,885.17 	1,846.58 	21.38B 	-1.23%
2016年4月20日 	1,871.51 	1,963.61 	1,966.63 	1,840.16 	30.45B 	-4.43%
2016年4月19日 	1,958.20 	1,960.46 	1,966.54 	1,944.57 	18.87B 	0.30%
2016年4月18日 	1,952.41 	1,965.74 	1,965.74 	1,938.77 	20.88B 	-1.32%
2016年4月15日 	1,978.58 	1,982.87 	1,985.54 	1,967.52 	21.85B 	-0.20%
2016年4月14日 	1,982.45 	1,972.65 	1,982.45 	1,957.77 	24.07B 	1.02%
2016年4月13日 	1,962.43 	1,945.74 	1,984.96 	1,945.74 	31.07B 	1.39%
2016年4月12日 	1,935.60 	1,950.31 	1,954.42 	1,914.62 	21.71B 	-0.86%
2016年4月11日 	1,952.48 	1,931.60 	1,961.69 	1,931.60 	24.57B 	1.99%
2016年4月8日 	1,914.32 	1,914.38 	1,920.75 	1,889.83 	22.22B 	-0.83%
2016年4月7日 	1,930.26 	1,967.06 	1,970.87 	1,930.26 	26.61B 	-1.60%
2016年4月6日 	1,961.71 	1,943.92 	1,963.07 	1,939.44 	26.11B 	0.54%
2016年4月5日 	1,951.11 	1,903.64 	1,953.46 	1,899.90 	26.29B 	2.61%
2016年4月1日 	1,901.52 	1,903.34 	1,909.42 	1,872.51 	21.57B 	-0.56%
2016年3月31日 	1,912.21 	1,916.61 	1,931.43 	1,906.68 	25.07B 	0.29%
2016年3月30日 	1,906.77 	1,856.29 	1,906.77 	1,856.29 	23.06B 	3.60%
2016年3月29日 	1,840.51 	1,871.17 	1,874.60 	1,824.88 	20.70B 	-1.82%
2016年3月28日 	1,874.65 	1,896.36 	1,914.82 	1,868.74 	23.99B 	-0.56%
2016年3月25日 	1,885.18 	1,870.32 	1,890.65 	1,861.10 	21.00B 	0.48%
2016年3月24日 	1,876.11 	1,885.12 	1,911.58 	1,869.33 	27.04B 	-1.39%
2016年3月23日 	1,902.53 	1,874.56 	1,902.53 	1,870.08 	24.79B 	1.16%
2016年3月22日 	1,880.78 	1,870.56 	1,896.21 	1,860.43 	27.92B 	-0.30%
2016年3月21日 	1,886.37 	1,860.61 	1,886.37 	1,855.27 	33.81B 	2.68%
2016年3月18日 	1,837.21 	1,780.45 	1,843.27 	1,780.04 	31.80B 	3.65%
2016年3月17日 	1,772.43 	1,717.91 	1,777.30 	1,717.91 	23.29B 	3.56%
2016年3月16日 	1,711.46 	1,741.87 	1,748.01 	1,700.08 	15.86B 	-1.02%
2016年3月15日 	1,729.08 	1,740.03 	1,748.87 	1,722.53 	17.15B 	-0.93%
2016年3月14日 	1,745.29 	1,704.51 	1,762.68 	1,704.51 	20.66B 	3.56%
2016年3月11日 	1,685.24 	1,670.45 	1,697.72 	1,663.31 	12.70B 	-0.22%
2016年3月10日 	1,688.97 	1,714.38 	1,728.64 	1,686.99 	15.10B 	-1.43%
2016年3月9日 	1,713.44 	1,712.19 	1,740.96 	1,700.47 	18.03B 	-2.12%
2016年3月8日 	1,750.54 	1,738.72 	1,750.54 	1,673.49 	23.10B 	0.51%
2016年3月7日 	1,741.64 	1,724.18 	1,759.78 	1,724.10 	19.87B 	2.03%
2016年3月4日 	1,706.97 	1,749.33 	1,762.23 	1,687.37 	26.05B 	-2.91%
2016年3月3日 	1,758.13 	1,760.32 	1,793.43 	1,756.77 	28.87B 	-0.14%
2016年3月2日 	1,760.58 	1,677.43 	1,763.39 	1,676.67 	26.98B 	4.70%
2016年3月1日 	1,681.47 	1,643.55 	1,693.78 	1,620.58 	21.01B 	2.32%
2016年2月29日 	1,643.36 	1,726.78 	1,726.78 	1,627.18 	20.87B 	-5.37%
2016年2月26日 	1,736.54 	1,750.51 	1,759.80 	1,701.50 	20.85B 	-0.12%
2016年2月25日 	1,738.67 	1,872.25 	1,872.25 	1,731.58 	27.04B 	-7.34%
2016年2月24日 	1,876.47 	1,869.43 	1,887.11 	1,836.91 	22.23B 	-0.04%
2016年2月23日 	1,877.18 	1,890.32 	1,894.54 	1,852.45 	22.80B 	-0.58%
2016年2月22日 	1,888.18 	1,874.49 	1,888.18 	1,865.08 	23.60B 	2.04%
2016年2月19日 	1,850.51 	1,835.56 	1,861.72 	1,831.75 	19.04B 	0.49%
2016年2月18日 	1,841.42 	1,859.52 	1,867.98 	1,838.10 	23.72B 	-0.34%
2016年2月17日 	1,847.65 	1,821.48 	1,850.36 	1,810.13 	23.08B 	1.42%
2016年2月16日 	1,821.71 	1,759.40 	1,826.15 	1,759.40 	20.04B 	4.10%
2016年2月15日 	1,750.02 	1,693.81 	1,759.90 	1,693.34 	13.74B 	-0.04%
2016年2月5日 	1,750.70 	1,773.71 	1,780.13 	1,750.46 	14.73B 	-1.15%
2016年2月4日 	1,771.07 	1,742.39 	1,779.79 	1,742.39 	17.97B 	1.95%
2016年2月3日 	1,737.20 	1,709.48 	1,744.58 	1,698.09 	15.87B 	0.47%
2016年2月2日 	1,729.09 	1,672.99 	1,734.52 	1,672.99 	16.76B 	3.42%
2016年2月1日 	1,671.91 	1,684.72 	1,699.01 	1,647.37 	15.37B 	-1.04%
2016年1月29日 	1,689.43 	1,624.85 	1,703.66 	1,620.51 	18.09B 	3.71%
2016年1月28日 	1,629.07 	1,676.88 	1,696.71 	1,622.47 	16.89B 	-4.18%
2016年1月27日 	1,700.15 	1,720.44 	1,725.25 	1,618.12 	22.14B 	-0.83%
2016年1月26日 	1,714.42 	1,824.40 	1,826.62 	1,710.44 	21.40B 	-7.12%
2016年1月25日 	1,845.78 	1,843.10 	1,863.38 	1,827.37 	16.51B 	1.01%
2016年1月22日 	1,827.34 	1,820.85 	1,837.71 	1,772.01 	17.81B 	1.46%
2016年1月21日 	1,800.99 	1,845.58 	1,895.06 	1,800.99 	21.01B 	-4.01%
2016年1月20日 	1,876.31 	1,883.04 	1,909.46 	1,862.69 	22.97B 	-1.03%
2016年1月19日 	1,895.75 	1,825.47 	1,898.53 	1,820.58 	23.14B 	3.57%
2016年1月18日 	1,830.33 	1,759.49 	1,851.51 	1,758.19 	19.34B 	1.90%
2016年1月15日 	1,796.13 	1,845.16 	1,863.36 	1,785.51 	22.12B 	-3.40%
2016年1月14日 	1,859.37 	1,732.53 	1,862.08 	1,729.99 	22.85B 	3.81%
2016年1月13日 	1,791.18 	1,864.19 	1,880.62 	1,791.10 	20.89B 	-3.46%
2016年1月12日 	1,855.39 	1,846.44 	1,879.20 	1,811.79 	21.76B 	0.39%
2016年1月11日 	1,848.10 	1,934.24 	1,958.91 	1,847.88 	26.13B 	-6.60%
2016年1月8日 	1,978.72 	2,002.21 	2,021.70 	1,878.49 	28.51B 	1.05%
2016年1月7日 	1,958.09 	2,094.66 	2,094.66 	1,955.88 	7.17B 	-8.24%
2016年1月6日 	2,133.96 	2,090.36 	2,133.96 	2,071.65 	25.35B 	2.61%
2016年1月5日 	2,079.77 	2,012.61 	2,121.39 	2,005.39 	29.43B 	-1.86%
2016年1月4日 	2,119.16 	2,304.48 	2,304.49 	2,119.10 	20.49B 	-8.22%
2015年12月31日 	2,308.91 	2,352.43 	2,356.90 	2,308.84 	22.23B 	-1.80%
2015年12月30日 	2,351.35 	2,333.62 	2,352.87 	2,327.13 	23.17B 	0.90%
2015年12月29日 	2,330.36 	2,305.48 	2,330.36 	2,286.99 	21.50B 	0.95%
2015年12月28日 	2,308.38 	2,367.97 	2,377.20 	2,308.38 	27.98B 	-2.18%
2015年12月25日 	2,359.73 	2,350.94 	2,366.06 	2,343.76 	21.43B 	0.57%
2015年12月24日 	2,346.37 	2,344.78 	2,352.81 	2,307.47 	23.25B 	-0.20%
2015年12月23日 	2,351.06 	2,381.46 	2,386.31 	2,345.37 	31.23B 	-1.20%
2015年12月22日 	2,379.63 	2,363.28 	2,379.63 	2,348.96 	28.84B 	0.92%
2015年12月21日 	2,357.99 	2,331.31 	2,361.51 	2,329.68 	29.85B 	0.96%
2015年12月18日 	2,335.60 	2,341.75 	2,350.70 	2,322.03 	30.58B 	-0.28%
2015年12月17日 	2,342.18 	2,294.20 	2,342.18 	2,294.20 	32.85B 	2.72%
2015年12月16日 	2,280.12 	2,272.44 	2,295.10 	2,271.34 	23.55B 	0.68%
2015年12月15日 	2,264.72 	2,242.85 	2,273.14 	2,242.85 	22.83B 	1.12%
2015年12月14日 	2,239.68 	2,174.72 	2,239.68 	2,171.26 	21.49B 	2.00%
2015年12月11日 	2,195.86 	2,203.17 	2,215.40 	2,185.78 	20.47B 	-0.72%
2015年12月10日 	2,211.86 	2,212.31 	2,236.51 	2,206.39 	22.86B 	-0.11%
2015年12月9日 	2,214.21 	2,209.17 	2,230.78 	2,197.17 	23.30B 	-0.32%
2015年12月8日 	2,221.27 	2,250.17 	2,252.25 	2,213.48 	26.10B 	-1.77%
2015年12月7日 	2,261.41 	2,237.12 	2,263.43 	2,222.26 	24.77B 	1.26%
2015年12月4日 	2,233.26 	2,236.77 	2,260.42 	2,217.21 	26.81B 	-0.48%
2015年12月3日 	2,243.94 	2,191.59 	2,243.94 	2,191.59 	24.95B 	2.50%
2015年12月2日 	2,189.31 	2,191.45 	2,197.93 	2,121.63 	26.40B 	-0.41%
2015年12月1日 	2,198.28 	2,200.86 	2,226.69 	2,172.21 	27.02B 	-0.24%
2015年11月30日 	2,203.61 	2,187.33 	2,212.95 	2,086.43 	32.52B 	0.89%
2015年11月27日 	2,184.11 	2,311.22 	2,324.06 	2,168.71 	37.15B 	-6.09%
2015年11月26日 	2,325.69 	2,354.42 	2,358.34 	2,320.45 	34.97B 	-0.77%
2015年11月25日 	2,343.62 	2,300.63 	2,346.37 	2,298.64 	32.54B 	1.89%
2015年11月24日 	2,300.09 	2,266.14 	2,300.09 	2,247.08 	28.39B 	1.39%
2015年11月23日 	2,268.62 	2,287.47 	2,310.76 	2,260.05 	36.24B 	-0.75%
2015年11月20日 	2,285.83 	2,266.53 	2,296.15 	2,256.55 	36.47B 	1.27%
2015年11月19日 	2,257.21 	2,197.28 	2,257.21 	2,196.07 	29.45B 	3.07%
2015年11月18日 	2,189.88 	2,231.91 	2,246.36 	2,185.18 	30.61B 	-1.85%
2015年11月17日 	2,231.18 	2,274.30 	2,289.14 	2,225.24 	40.35B 	-0.88%
2015年11月16日 	2,250.98 	2,161.11 	2,250.98 	2,159.30 	29.24B 	2.06%
2015年11月13日 	2,205.57 	2,232.52 	2,245.26 	2,182.07 	36.30B 	-2.39%
2015年11月12日 	2,259.49 	2,263.72 	2,279.85 	2,228.17 	40.35B 	0.28%
2015年11月11日 	2,253.21 	2,211.51 	2,254.67 	2,202.63 	38.21B 	1.97%
2015年11月10日 	2,209.61 	2,181.28 	2,222.89 	2,175.07 	40.09B 	0.82%
2015年11月9日 	2,191.60 	2,142.74 	2,203.66 	2,125.58 	42.22B 	1.82%
2015年11月6日 	2,152.43 	2,094.37 	2,154.96 	2,094.37 	37.74B 	2.82%
2015年11月5日 	2,093.47 	2,094.14 	2,123.87 	2,075.59 	42.91B 	0.20%
2015年11月4日 	2,089.29 	1,996.50 	2,089.29 	1,996.50 	33.94B 	5.12%
2015年11月3日 	1,987.47 	1,993.31 	2,008.36 	1,968.65 	22.41B 	-0.03%
2015年11月2日 	1,987.97 	1,987.95 	2,047.54 	1,982.14 	27.47B 	-1.33%
2015年10月30日 	2,014.86 	2,011.07 	2,042.68 	1,979.81 	29.63B 	0.02%
2015年10月29日 	2,014.40 	2,011.82 	2,035.23 	1,983.55 	28.18B 	0.80%
2015年10月28日 	1,998.38 	2,030.23 	2,057.18 	1,989.85 	34.15B 	-2.22%
2015年10月27日 	2,043.78 	2,012.76 	2,054.94 	1,948.23 	36.63B 	0.66%
2015年10月26日 	2,030.48 	2,042.30 	2,048.84 	2,003.94 	39.15B 	0.68%
2015年10月23日 	2,016.74 	1,975.09 	2,024.41 	1,968.43 	37.90B 	2.94%
2015年10月22日 	1,959.19 	1,885.63 	1,961.60 	1,885.12 	32.68B 	3.71%
2015年10月21日 	1,889.13 	2,008.36 	2,018.98 	1,882.26 	42.17B 	-5.94%
2015年10月20日 	2,008.48 	1,967.58 	2,008.48 	1,961.24 	32.89B 	1.97%
2015年10月19日 	1,969.64 	1,974.68 	1,986.23 	1,943.80 	35.44B 	0.14%
2015年10月16日 	1,966.96 	1,954.14 	1,968.38 	1,928.66 	35.73B 	1.32%
2015年10月15日 	1,941.28 	1,875.44 	1,941.28 	1,875.44 	30.85B 	3.03%
2015年10月14日 	1,884.15 	1,899.42 	1,916.42 	1,879.74 	29.61B 	-1.20%
2015年10月13日 	1,907.12 	1,873.20 	1,911.87 	1,867.28 	29.52B 	1.05%
2015年10月12日 	1,887.28 	1,822.22 	1,903.46 	1,821.72 	34.13B 	4.18%
2015年10月9日 	1,811.63 	1,783.94 	1,819.17 	1,780.05 	24.19B 	1.47%
2015年10月8日 	1,785.39 	1,771.78 	1,797.85 	1,759.88 	23.07B 	4.00%
2015年9月30日 	1,716.78 	1,719.19 	1,727.65 	1,698.67 	14.98B 	0.30%
2015年9月29日 	1,711.71 	1,710.14 	1,732.53 	1,697.53 	17.45B 	-1.51%
2015年9月28日 	1,737.92 	1,698.22 	1,738.92 	1,678.22 	16.40B 	2.40%
2015年9月25日 	1,697.12 	1,748.27 	1,759.55 	1,685.37 	22.67B 	-3.44%
2015年9月24日 	1,757.54 	1,744.06 	1,764.64 	1,736.30 	22.15B 	1.22%
2015年9月23日 	1,736.44 	1,721.24 	1,756.45 	1,717.61 	23.18B 	-0.83%
2015年9月22日 	1,750.91 	1,744.03 	1,770.24 	1,728.52 	26.39B 	0.71%
2015年9月21日 	1,738.64 	1,657.94 	1,739.05 	1,652.07 	22.72B 	3.55%
2015年9月18日 	1,679.10 	1,668.33 	1,689.03 	1,648.71 	18.77B 	1.25%
2015年9月17日 	1,658.41 	1,680.00 	1,729.22 	1,658.41 	27.37B 	-1.48%
2015年9月16日 	1,683.36 	1,585.11 	1,689.72 	1,581.80 	23.48B 	6.52%
2015年9月15日 	1,580.26 	1,616.46 	1,649.59 	1,574.74 	19.82B 	-4.97%
2015年9月14日 	1,662.89 	1,789.43 	1,794.41 	1,656.49 	24.09B 	-6.65%
2015年9月11日 	1,781.35 	1,766.78 	1,793.94 	1,756.44 	19.05B 	0.62%
2015年9月10日 	1,770.38 	1,770.03 	1,802.22 	1,762.57 	22.53B 	-1.58%
2015年9月9日 	1,798.84 	1,750.36 	1,809.02 	1,745.65 	31.19B 	3.29%
2015年9月8日 	1,741.54 	1,662.57 	1,744.68 	1,646.54 	20.04B 	3.83%
2015年9月7日 	1,677.33 	1,689.14 	1,736.24 	1,665.19 	22.85B 	0.20%
2015年9月2日 	1,673.95 	1,628.18 	1,739.57 	1,625.73 	25.92B 	-1.98%
2015年9月1日 	1,707.78 	1,763.10 	1,763.10 	1,687.36 	24.63B 	-4.61%
2015年8月31日 	1,790.31 	1,832.98 	1,832.98 	1,780.78 	26.67B 	-3.06%
2015年8月28日 	1,846.83 	1,776.44 	1,848.96 	1,761.27 	31.60B 	5.40%
2015年8月27日 	1,752.21 	1,723.54 	1,752.21 	1,661.76 	27.20B 	3.33%
2015年8月26日 	1,695.76 	1,746.08 	1,806.14 	1,672.16 	32.67B 	-3.05%
2015年8月25日 	1,749.07 	1,751.28 	1,801.79 	1,744.87 	21.87B 	-7.09%
2015年8月24日 	1,882.46 	1,951.28 	1,959.06 	1,881.35 	19.38B 	-7.70%
2015年8月21日 	2,039.40 	2,114.89 	2,139.39 	2,035.72 	26.02B 	-5.39%
2015年8月20日 	2,155.49 	2,201.12 	2,234.22 	2,153.75 	28.38B 	-3.00%
2015年8月19日 	2,222.05 	2,107.65 	2,233.89 	2,060.34 	33.17B 	2.19%
2015年8月18日 	2,174.42 	2,331.14 	2,340.09 	2,166.21 	38.90B 	-6.58%
2015年8月17日 	2,327.49 	2,303.86 	2,329.39 	2,279.43 	32.68B 	0.74%
2015年8月14日 	2,310.40 	2,316.48 	2,335.97 	2,296.91 	32.68B 	0.51%
2015年8月13日 	2,298.79 	2,239.09 	2,298.79 	2,222.24 	28.71B 	2.21%
2015年8月12日 	2,249.18 	2,264.24 	2,296.92 	2,249.18 	28.51B 	-1.54%
2015年8月11日 	2,284.27 	2,278.17 	2,315.13 	2,266.74 	35.18B 	0.41%
2015年8月10日 	2,274.84 	2,198.89 	2,286.90 	2,192.13 	32.31B 	4.49%
2015年8月7日 	2,177.15 	2,132.34 	2,177.39 	2,130.49 	25.19B 	3.00%
2015年8月6日 	2,113.65 	2,084.89 	2,139.99 	2,077.30 	20.22B 	-0.69%
2015年8月5日 	2,128.42 	2,148.78 	2,179.60 	2,112.06 	27.12B 	-1.05%
2015年8月4日 	2,150.95 	2,053.06 	2,150.95 	2,042.13 	26.16B 	4.76%
2015年8月3日 	2,053.12 	2,079.13 	2,097.37 	2,020.55 	24.37B 	-2.72%
2015年7月31日 	2,110.62 	2,096.02 	2,154.95 	2,082.45 	23.52B 	-0.82%
2015年7月30日 	2,128.16 	2,188.00 	2,229.98 	2,125.34 	29.95B 	-3.21%
2015年7月29日 	2,198.81 	2,139.39 	2,198.82 	2,062.82 	29.65B 	4.13%
2015年7月28日 	2,111.70 	2,059.24 	2,186.35 	2,024.31 	37.43B 	-2.24%
2015年7月27日 	2,160.09 	2,277.62 	2,340.93 	2,159.28 	36.44B 	-7.00%
2015年7月24日 	2,322.71 	2,361.16 	2,395.97 	2,306.58 	40.09B 	-1.27%
2015年7月23日 	2,352.65 	2,292.61 	2,358.51 	2,280.72 	36.70B 	2.83%
2015年7月22日 	2,287.98 	2,266.61 	2,296.40 	2,232.48 	33.49B 	1.01%
2015年7月21日 	2,265.10 	2,208.55 	2,282.49 	2,187.41 	31.24B 	1.56%
2015年7月20日 	2,230.29 	2,208.08 	2,262.48 	2,184.20 	35.82B 	1.82%
2015年7月17日 	2,190.42 	2,100.16 	2,204.09 	2,097.22 	30.70B 	4.98%
2015年7月16日 	2,086.52 	2,020.72 	2,128.90 	1,971.51 	32.43B 	1.34%
2015年7月15日 	2,058.84 	2,158.56 	2,158.56 	2,053.75 	34.53B 	-4.22%
2015年7月14日 	2,149.52 	2,155.69 	2,200.49 	2,133.71 	28.56B 	1.38%
2015年7月13日 	2,120.25 	2,087.02 	2,126.44 	2,071.71 	23.38B 	4.18%
2015年7月10日 	2,035.26 	1,991.06 	2,037.54 	1,986.31 	15.89B 	4.09%
2015年7月9日 	1,955.35 	1,864.69 	1,955.65 	1,864.69 	20.75B 	3.76%
2015年7月8日 	1,884.45 	1,854.22 	1,888.19 	1,851.61 	30.73B 	-2.50%
2015年7月7日 	1,932.83 	1,970.38 	1,982.04 	1,918.82 	22.73B 	-5.34%
2015年7月6日 	2,041.85 	2,235.98 	2,235.98 	1,982.33 	39.63B 	-2.70%
2015年7月3日 	2,098.48 	2,135.55 	2,243.57 	2,060.56 	31.55B 	-5.30%
2015年7月2日 	2,215.81 	2,333.66 	2,347.40 	2,191.59 	32.07B 	-5.55%
2015年7月1日 	2,346.13 	2,439.09 	2,523.08 	2,334.44 	34.87B 	-4.79%
2015年6月30日 	2,464.23 	2,288.06 	2,466.44 	2,201.90 	39.95B 	4.80%
2015年6月29日 	2,351.40 	2,547.37 	2,549.29 	2,308.97 	35.89B 	-6.05%
2015年6月26日 	2,502.95 	2,629.51 	2,632.33 	2,493.79 	29.47B 	-7.87%
2015年6月25日 	2,716.71 	2,831.76 	2,832.43 	2,684.24 	33.17B 	-3.76%
2015年6月24日 	2,822.73 	2,799.64 	2,831.09 	2,746.91 	33.22B 	1.73%
2015年6月23日 	2,774.64 	2,737.09 	2,774.64 	2,597.66 	29.29B 	1.18%
2015年6月19日 	2,742.18 	2,846.79 	2,873.67 	2,736.48 	28.96B 	-5.88%
2015年6月18日 	2,913.60 	3,016.00 	3,029.95 	2,908.51 	28.91B 	-3.57%
2015年6月17日 	3,021.40 	2,960.47 	3,030.22 	2,873.09 	31.24B 	1.98%
2015年6月16日 	2,962.66 	3,034.60 	3,034.60 	2,937.24 	35.30B 	-3.59%
2015年6月15日 	3,073.07 	3,151.14 	3,155.10 	3,067.97 	40.62B 	-2.15%
2015年6月12日 	3,140.66 	3,115.85 	3,156.96 	3,110.03 	38.51B 	1.28%
2015年6月11日 	3,100.93 	3,058.90 	3,100.93 	3,049.40 	35.11B 	1.48%
2015年6月10日 	3,055.58 	2,979.89 	3,083.09 	2,957.11 	35.88B 	2.03%
2015年6月9日 	2,994.85 	2,989.27 	3,025.35 	2,957.07 	34.72B 	-0.15%
2015年6月8日 	2,999.34 	3,048.55 	3,048.55 	2,959.49 	42.08B 	-1.72%
2015年6月5日 	3,051.95 	3,065.45 	3,091.42 	2,991.27 	44.42B 	0.93%
2015年6月4日 	3,023.70 	3,043.80 	3,050.63 	2,853.89 	40.16B 	-0.58%
2015年6月3日 	3,041.41 	3,051.33 	3,065.05 	2,962.32 	40.72B 	0.38%
2015年6月2日 	3,029.97 	2,949.82 	3,029.98 	2,936.66 	39.65B 	3.52%
2015年6月1日 	2,926.96 	2,818.36 	2,926.96 	2,818.36 	36.48B 	4.79%
2015年5月29日 	2,793.25 	2,751.38 	2,841.26 	2,641.80 	41.24B 	1.32%
2015年5月28日 	2,756.93 	2,923.87 	2,967.53 	2,756.84 	52.20B 	-5.52%
2015年5月27日 	2,918.02 	2,904.97 	2,930.31 	2,842.40 	44.48B 	1.16%
2015年5月26日 	2,884.66 	2,802.04 	2,884.76 	2,800.82 	44.69B 	3.58%
2015年5月25日 	2,785.07 	2,710.73 	2,788.97 	2,692.47 	42.14B 	1.61%
2015年5月22日 	2,740.92 	2,756.34 	2,772.49 	2,685.88 	43.61B 	1.01%
2015年5月21日 	2,713.42 	2,636.25 	2,713.42 	2,636.25 	35.58B 	3.59%
2015年5月20日 	2,619.32 	2,583.56 	2,661.88 	2,583.56 	37.96B 	2.03%
2015年5月19日 	2,567.29 	2,518.78 	2,570.53 	2,500.47 	31.80B 	2.63%
2015年5月18日 	2,501.46 	2,443.65 	2,507.03 	2,440.87 	29.55B 	2.40%
2015年5月15日 	2,442.76 	2,446.79 	2,464.37 	2,406.51 	31.12B 	-0.47%
2015年5月14日 	2,454.20 	2,453.47 	2,471.35 	2,434.95 	33.80B 	0.34%
2015年5月13日 	2,445.87 	2,414.73 	2,469.38 	2,390.15 	34.70B 	0.82%
2015年5月12日 	2,425.90 	2,391.31 	2,426.44 	2,376.99 	33.40B 	2.19%
2015年5月11日 	2,373.92 	2,301.28 	2,373.94 	2,290.40 	31.74B 	4.48%
2015年5月8日 	2,272.17 	2,206.23 	2,272.17 	2,206.23 	25.42B 	4.17%
2015年5月7日 	2,181.30 	2,198.13 	2,210.77 	2,175.87 	22.65B 	-1.15%
2015年5月6日 	2,206.71 	2,226.90 	2,271.47 	2,194.05 	26.66B 	-0.50%
2015年5月5日 	2,217.89 	2,280.98 	2,282.69 	2,205.44 	30.06B 	-2.79%
2015年5月4日 	2,281.66 	2,274.99 	2,287.72 	2,250.35 	26.41B 	0.61%
2015年4月30日 	2,267.77 	2,266.28 	2,294.02 	2,266.28 	27.63B 	0.57%
2015年4月29日 	2,254.97 	2,202.60 	2,258.29 	2,195.22 	27.25B 	2.10%
2015年4月28日 	2,208.56 	2,274.07 	2,275.34 	2,187.90 	33.40B 	-2.76%
2015年4月27日 	2,271.28 	2,275.64 	2,292.74 	2,251.99 	34.53B 	0.66%
2015年4月24日 	2,256.36 	2,236.10 	2,263.69 	2,217.24 	35.32B 	-0.03%
2015年4月23日 	2,256.97 	2,247.33 	2,269.96 	2,230.57 	37.87B 	1.01%
2015年4月22日 	2,234.46 	2,194.97 	2,235.57 	2,194.97 	36.39B 	2.74%
2015年4月21日 	2,174.93 	2,096.27 	2,174.93 	2,096.27 	30.93B 	3.88%
2015年4月20日 	2,093.71 	2,131.92 	2,144.99 	2,085.75 	37.04B 	-1.99%
2015年4月17日 	2,136.27 	2,143.57 	2,153.15 	2,126.84 	33.43B 	0.48%
2015年4月16日 	2,126.15 	2,076.04 	2,148.88 	2,059.13 	25.97B 	1.17%
2015年4月15日 	2,101.65 	2,174.49 	2,174.49 	2,101.65 	31.16B 	-3.68%
2015年4月14日 	2,181.89 	2,190.23 	2,204.44 	2,163.01 	32.69B 	-0.27%
2015年4月13日 	2,187.73 	2,160.00 	2,192.49 	2,149.37 	33.28B 	1.80%
2015年4月10日 	2,149.11 	2,088.14 	2,153.01 	2,077.89 	29.53B 	2.49%
2015年4月9日 	2,096.97 	2,111.22 	2,111.22 	2,026.13 	34.62B 	-0.57%
2015年4月8日 	2,109.03 	2,132.87 	2,133.72 	2,066.20 	36.14B 	-0.71%
2015年4月7日 	2,124.09 	2,094.42 	2,124.09 	2,094.42 	34.45B 	2.10%
2015年4月3日 	2,080.39 	2,035.97 	2,081.59 	2,027.61 	32.62B 	1.83%
2015年4月2日 	2,043.03 	2,018.50 	2,043.03 	2,012.82 	32.18B 	1.86%
2015年4月1日 	2,005.67 	1,961.14 	2,009.15 	1,961.14 	28.79B 	2.41%
2015年3月31日 	1,958.40 	1,957.53 	1,979.23 	1,950.52 	31.77B 	0.53%
2015年3月30日 	1,948.06 	1,939.06 	1,951.62 	1,933.38 	29.81B 	0.64%
2015年3月27日 	1,935.59 	1,911.88 	1,938.15 	1,910.64 	23.70B 	1.12%
2015年3月26日 	1,914.23 	1,935.40 	1,948.18 	1,897.54 	30.79B 	-1.52%
2015年3月25日 	1,943.69 	1,923.69 	1,955.11 	1,912.56 	33.32B 	1.08%
2015年3月24日 	1,922.85 	1,912.47 	1,923.92 	1,856.15 	39.08B 	1.01%
2015年3月23日 	1,903.64 	1,864.37 	1,903.64 	1,864.37 	32.28B 	2.74%
2015年3月20日 	1,852.94 	1,829.24 	1,853.55 	1,829.24 	29.79B 	1.37%
2015年3月19日 	1,827.86 	1,821.43 	1,827.86 	1,808.95 	31.16B 	0.52%
2015年3月18日 	1,818.38 	1,783.45 	1,818.38 	1,779.14 	32.21B 	2.05%
2015年3月17日 	1,781.78 	1,769.82 	1,785.36 	1,761.01 	315.38K 	1.23%
2015年3月16日 	1,760.19 	1,719.68 	1,760.19 	1,719.68 	254.03K 	3.05%
2015年3月13日 	1,708.08 	1,688.99 	1,708.08 	1,688.73 	179.15K 	1.38%
2015年3月12日 	1,684.84 	1,692.28 	1,694.07 	1,674.07 	198.46K 	-0.26%
2015年3月11日 	1,689.15 	1,692.28 	1,696.57 	1,684.90 	193.40K 	-0.17%
2015年3月10日 	1,691.98 	1,672.36 	1,697.51 	1,671.52 	195.23K 	1.19%
2015年3月9日 	1,672.07 	1,643.16 	1,672.07 	1,634.57 	184.95K 	1.23%
2015年3月6日 	1,651.77 	1,679.94 	1,682.72 	1,650.70 	202.06K 	-1.55%
2015年3月5日 	1,677.77 	1,673.93 	1,677.89 	1,663.29 	224.20K 	0.27%
2015年3月4日 	1,673.24 	1,645.47 	1,673.24 	1,645.47 	218.30K 	1.72%
2015年3月3日 	1,644.99 	1,657.84 	1,668.55 	1,644.35 	253.47K 	-1.12%
2015年3月2日 	1,663.65 	1,640.89 	1,663.65 	1,637.15 	241.96K 	2.06%
2015年2月27日 	1,630.05 	1,614.14 	1,630.67 	1,612.62 	182.02K 	0.95%
2015年2月26日 	1,614.71 	1,597.24 	1,614.73 	1,596.48 	165.25K 	1.03%
2015年2月25日 	1,598.30 	1,615.47 	1,615.47 	1,593.97 	152.71K 	-0.77%
2015年2月17日 	1,610.73 	1,606.81 	1,612.52 	1,600.96 	149.36K 	0.67%
2015年2月16日 	1,600.05 	1,574.08 	1,600.05 	1,574.08 	166.44K 	1.94%
2015年2月13日 	1,569.56 	1,551.91 	1,575.37 	1,551.91 	166.97K 	1.60%
2015年2月12日 	1,544.80 	1,534.51 	1,546.44 	1,534.23 	133.84K 	0.75%
2015年2月11日 	1,533.32 	1,515.17 	1,534.70 	1,515.17 	128.22K 	1.38%
2015年2月10日 	1,512.49 	1,488.63 	1,512.49 	1,488.23 	108.34K 	1.55%
2015年2月9日 	1,489.39 	1,491.92 	1,500.87 	1,485.95 	120.54K 	-0.39%
2015年2月6日 	1,495.26 	1,522.81 	1,526.04 	1,489.37 	150.81K 	-2.02%
2015年2月5日 	1,526.11 	1,544.19 	1,551.59 	1,526.11 	176.35K 	-0.19%
2015年2月4日 	1,529.04 	1,536.65 	1,543.58 	1,528.19 	156.54K 	-0.27%
2015年2月3日 	1,533.22 	1,509.75 	1,533.83 	1,509.75 	146.28K 	2.02%
2015年2月2日 	1,502.89 	1,494.60 	1,514.50 	1,489.29 	133.74K 	-0.63%
2015年1月30日 	1,512.39 	1,531.45 	1,537.98 	1,512.39 	155.50K 	-1.11%
2015年1月29日 	1,529.38 	1,526.15 	1,536.28 	1,520.54 	157.20K 	-0.62%
2015年1月28日 	1,538.86 	1,545.14 	1,554.36 	1,534.94 	168.08K 	-0.71%
2015年1月27日 	1,549.93 	1,548.35 	1,554.62 	1,527.09 	204.00K 	0.12%
2015年1月26日 	1,548.02 	1,520.02 	1,548.75 	1,519.06 	182.67K 	2.23%
2015年1月23日 	1,514.30 	1,532.42 	1,533.69 	1,508.88 	184.72K 	-1.04%
2015年1月22日 	1,530.28 	1,512.50 	1,530.62 	1,511.15 	192.75K 	1.19%
2015年1月21日 	1,512.29 	1,483.11 	1,512.68 	1,482.18 	211.74K 	2.40%
2015年1月20日 	1,476.84 	1,432.07 	1,476.84 	1,432.07 	180.89K 	3.39%
2015年1月19日 	1,428.37 	1,436.70 	1,474.72 	1,411.92 	195.38K 	-3.39%
2015年1月16日 	1,478.47 	1,460.41 	1,479.75 	1,460.41 	147.26K 	1.29%
2015年1月15日 	1,459.69 	1,445.23 	1,459.69 	1,445.15 	125.83K 	0.96%
2015年1月14日 	1,445.86 	1,453.62 	1,456.61 	1,438.93 	121.87K 	-0.45%
2015年1月13日 	1,452.37 	1,431.48 	1,454.26 	1,431.12 	124.08K 	1.38%
2015年1月12日 	1,432.56 	1,436.63 	1,441.66 	1,422.19 	139.68K 	-0.71%
2015年1月9日 	1,442.84 	1,446.89 	1,467.91 	1,442.82 	161.63K 	-0.57%
2015年1月8日 	1,451.14 	1,456.33 	1,463.46 	1,442.66 	164.45K 	-0.43%
2015年1月7日 	1,457.45 	1,458.26 	1,462.41 	1,446.97 	168.36K 	-0.26%
2015年1月6日 	1,461.32 	1,429.10 	1,463.04 	1,422.44 	211.61K 	1.70%
2015年1月5日 	1,436.86 	1,419.43 	1,440.57 	1,408.98 	218.36K 	1.53%
2014年12月31日 	1,415.19 	1,397.70 	1,415.19 	1,393.18 	159.18K 	1.19%
2014年12月30日 	1,398.57 	1,415.87 	1,418.19 	1,394.85 	165.70K 	-1.40%
2014年12月29日 	1,418.49 	1,442.06 	1,442.06 	1,409.98 	201.88K 	-1.46%
2014年12月26日 	1,439.48 	1,425.12 	1,439.48 	1,423.02 	172.21K 	1.04%
2014年12月25日 	1,424.62 	1,408.42 	1,424.62 	1,406.48 	148.77K 	1.44%
2014年12月24日 	1,404.40 	1,397.86 	1,405.04 	1,390.73 	153.94K 	0.85%
2014年12月23日 	1,392.62 	1,404.06 	1,420.64 	1,391.10 	167.94K 	-1.39%
2014年12月22日 	1,412.30 	1,460.53 	1,460.53 	1,405.69 	243.47K 	-3.64%
2014年12月19日 	1,465.59 	1,480.97 	1,480.97 	1,441.69 	212.01K 	-1.26%
2014年12月18日 	1,484.26 	1,488.93 	1,497.04 	1,483.72 	182.29K 	-0.58%
2014年12月17日 	1,492.94 	1,502.14 	1,502.14 	1,474.97 	228.90K 	-0.71%
2014年12月16日 	1,503.58 	1,501.00 	1,504.48 	1,489.86 	213.60K 	0.20%
2014年12月15日 	1,500.56 	1,477.92 	1,502.03 	1,473.87 	210.90K 	1.40%
2014年12月12日 	1,479.82 	1,466.68 	1,481.31 	1,465.02 	203.65K 	0.97%
2014年12月11日 	1,465.59 	1,448.02 	1,470.01 	1,442.87 	236.36K 	0.90%
2014年12月10日 	1,452.53 	1,401.02 	1,452.77 	1,394.73 	230.78K 	3.50%
2014年12月9日 	1,403.39 	1,459.78 	1,474.57 	1,401.00 	345.80K 	-4.31%
2014年12月8日 	1,466.65 	1,447.51 	1,472.71 	1,434.02 	273.93K 	0.83%
2014年12月5日 	1,454.63 	1,486.82 	1,486.84 	1,416.87 	313.02K 	-1.84%
2014年12月4日 	1,481.96 	1,454.87 	1,482.15 	1,454.66 	273.71K 	2.00%
2014年12月3日 	1,452.92 	1,436.32 	1,452.95 	1,428.58 	288.94K 	1.35%
2014年12月2日 	1,433.50 	1,410.27 	1,435.29 	1,408.76 	204.65K 	1.48%
2014年12月1日 	1,412.56 	1,420.80 	1,420.80 	1,404.43 	224.16K 	-0.55%
2014年11月28日 	1,420.32 	1,415.52 	1,420.32 	1,404.44 	237.89K 	0.29%
2014年11月27日 	1,416.18 	1,409.67 	1,416.18 	1,403.58 	215.36K 	0.75%
2014年11月26日 	1,405.65 	1,399.39 	1,407.01 	1,394.75 	196.32K 	0.59%
2014年11月25日 	1,397.41 	1,378.94 	1,397.41 	1,377.66 	190.57K 	1.42%
2014年11月24日 	1,377.79 	1,373.27 	1,382.05 	1,367.64 	203.88K 	1.32%
2014年11月21日 	1,359.83 	1,344.89 	1,359.83 	1,344.89 	132.59K 	1.13%
2014年11月20日 	1,344.57 	1,343.44 	1,346.63 	1,340.03 	109.49K 	-0.21%
2014年11月19日 	1,347.36 	1,337.93 	1,351.19 	1,337.92 	120.86K 	0.69%
2014年11月18日 	1,338.09 	1,334.59 	1,340.17 	1,332.30 	114.79K 	0.18%
2014年11月17日 	1,335.73 	1,324.30 	1,341.92 	1,318.07 	124.17K 	0.99%
2014年11月14日 	1,322.62 	1,321.03 	1,324.55 	1,314.05 	123.82K 	-0.24%
2014年11月13日 	1,325.78 	1,344.34 	1,344.34 	1,318.54 	160.94K 	-1.46%
2014年11月12日 	1,345.41 	1,321.86 	1,345.41 	1,319.70 	129.08K 	1.48%
2014年11月11日 	1,325.73 	1,367.51 	1,368.10 	1,315.26 	205.24K 	-2.92%
2014年11月10日 	1,365.64 	1,357.17 	1,365.64 	1,352.30 	158.53K 	0.83%
2014年11月7日 	1,354.36 	1,366.12 	1,372.99 	1,348.67 	179.33K 	-0.75%
2014年11月6日 	1,364.53 	1,352.88 	1,364.55 	1,347.36 	144.82K 	0.84%
2014年11月5日 	1,353.12 	1,353.60 	1,357.02 	1,346.35 	159.29K 	-0.05%
2014年11月4日 	1,353.81 	1,361.36 	1,362.82 	1,349.02 	173.49K 	-0.56%
2014年11月3日 	1,361.38 	1,352.08 	1,361.41 	1,351.44 	173.76K 	0.81%
2014年10月31日 	1,350.50 	1,350.98 	1,355.66 	1,338.79 	175.18K 	0.07%
2014年10月30日 	1,349.57 	1,350.09 	1,356.13 	1,344.43 	174.06K 	-0.03%
2014年10月29日 	1,349.97 	1,336.95 	1,352.84 	1,334.47 	188.40K 	1.23%
2014年10月28日 	1,333.53 	1,304.99 	1,333.53 	1,304.99 	139.38K 	2.39%
2014年10月27日 	1,302.39 	1,292.31 	1,302.39 	1,284.88 	101.79K 	0.44%
2014年10月24日 	1,296.64 	1,296.53 	1,304.77 	1,292.45 	99.72K 	0.05%
2014年10月23日 	1,296.05 	1,312.71 	1,317.11 	1,290.78 	133.25K 	-1.52%
2014年10月22日 	1,316.03 	1,330.49 	1,335.72 	1,315.47 	122.52K 	-1.11%
2014年10月21日 	1,330.77 	1,340.77 	1,344.82 	1,329.41 	132.64K 	-0.76%
2014年10月20日 	1,340.98 	1,325.84 	1,340.98 	1,325.25 	129.32K 	1.32%
2014年10月17日 	1,323.52 	1,330.59 	1,336.51 	1,299.83 	169.45K 	-0.70%
2014年10月16日 	1,332.90 	1,344.44 	1,356.21 	1,332.90 	175.05K 	-1.35%
2014年10月15日 	1,351.12 	1,344.71 	1,351.12 	1,333.30 	166.57K 	0.41%
2014年10月14日 	1,345.64 	1,347.48 	1,357.85 	1,338.41 	172.81K 	-0.28%
2014年10月13日 	1,349.47 	1,345.82 	1,349.47 	1,330.18 	175.78K 	-0.08%
2014年10月10日 	1,350.60 	1,351.64 	1,357.39 	1,343.01 	196.14K 	-0.38%
2014年10月9日 	1,355.71 	1,353.94 	1,357.86 	1,338.20 	204.88K 	0.29%
2014年10月8日 	1,351.82 	1,338.08 	1,351.82 	1,331.27 	166.25K 	1.37%
2014年9月30日 	1,333.50 	1,327.40 	1,334.49 	1,325.05 	149.57K 	0.65%
2014年9月29日 	1,324.94 	1,316.27 	1,325.23 	1,316.26 	164.99K 	0.94%
2014年9月26日 	1,312.60 	1,307.01 	1,312.99 	1,302.86 	148.91K 	0.27%
2014年9月25日 	1,309.04 	1,313.25 	1,321.20 	1,305.29 	182.22K 	-0.01%
2014年9月24日 	1,309.14 	1,289.70 	1,309.14 	1,286.91 	172.22K 	1.37%
2014年9月23日 	1,291.42 	1,275.44 	1,291.42 	1,275.44 	136.74K 	1.25%
2014年9月22日 	1,275.52 	1,289.80 	1,289.80 	1,272.50 	146.48K 	-1.22%
2014年9月19日 	1,291.23 	1,280.24 	1,292.02 	1,277.83 	137.59K 	0.92%
2014年9月18日 	1,279.43 	1,269.51 	1,279.43 	1,266.29 	147.02K 	0.64%
2014年9月17日 	1,271.34 	1,264.15 	1,271.34 	1,252.11 	162.45K 	0.66%
2014年9月16日 	1,263.04 	1,305.44 	1,306.16 	1,262.80 	235.88K 	-3.16%
2014年9月15日 	1,304.20 	1,294.65 	1,305.08 	1,290.96 	186.38K 	0.73%
2014年9月12日 	1,294.79 	1,282.18 	1,294.79 	1,279.00 	160.47K 	0.92%
2014年9月11日 	1,283.03 	1,285.45 	1,299.97 	1,275.93 	197.85K 	-0.17%
2014年9月10日 	1,285.18 	1,276.15 	1,286.27 	1,270.10 	169.95K 	0.44%
2014年9月9日 	1,279.52 	1,275.12 	1,279.52 	1,266.08 	170.56K 	0.46%
2014年9月5日 	1,273.68 	1,270.74 	1,273.71 	1,263.65 	175.45K 	0.40%
2014年9月4日 	1,268.56 	1,259.87 	1,268.56 	1,256.16 	176.28K 	0.78%
2014年9月3日 	1,258.74 	1,251.49 	1,260.36 	1,249.36 	175.73K 	0.77%
2014年9月2日 	1,249.06 	1,235.60 	1,249.06 	1,234.52 	158.90K 	1.34%
2014年9月1日 	1,232.56 	1,213.59 	1,232.56 	1,213.59 	117.72K 	1.67%
2014年8月29日 	1,212.26 	1,198.38 	1,212.26 	1,197.56 	91.22K 	1.13%
2014年8月28日 	1,198.71 	1,209.33 	1,211.79 	1,195.63 	112.17K 	-0.87%
2014年8月27日 	1,209.20 	1,202.00 	1,211.99 	1,202.00 	110.77K 	0.56%
2014年8月26日 	1,202.46 	1,220.69 	1,223.62 	1,198.16 	140.14K 	-1.69%
2014年8月25日 	1,223.07 	1,233.25 	1,233.25 	1,219.80 	137.69K 	-0.77%
2014年8月22日 	1,232.50 	1,223.50 	1,233.94 	1,222.43 	142.62K 	0.71%
2014年8月21日 	1,223.83 	1,222.91 	1,223.83 	1,208.94 	151.24K 	0.14%
2014年8月20日 	1,222.12 	1,222.93 	1,228.20 	1,218.65 	160.51K 	-0.08%
2014年8月19日 	1,223.09 	1,221.51 	1,225.46 	1,214.34 	178.27K 	0.36%
2014年8月18日 	1,218.73 	1,204.10 	1,218.74 	1,204.10 	162.02K 	1.46%
2014年8月15日 	1,201.17 	1,188.28 	1,202.23 	1,186.76 	142.85K 	1.11%
2014年8月14日 	1,187.95 	1,193.77 	1,200.74 	1,187.24 	149.42K 	-0.57%
2014年8月13日 	1,194.81 	1,194.79 	1,198.10 	1,181.24 	148.23K 	-0.01%
2014年8月12日 	1,194.94 	1,191.44 	1,194.94 	1,188.58 	137.56K 	0.30%
2014年8月11日 	1,191.36 	1,176.28 	1,191.36 	1,176.28 	132.97K 	1.44%
2014年8月8日 	1,174.41 	1,167.76 	1,176.74 	1,167.52 	118.58K 	0.68%
2014年8月7日 	1,166.50 	1,177.35 	1,183.09 	1,166.18 	144.05K 	-0.92%
2014年8月6日 	1,177.33 	1,169.45 	1,179.29 	1,164.73 	147.60K 	0.39%
2014年8月5日 	1,172.76 	1,165.14 	1,172.76 	1,158.76 	146.17K 	0.72%
2014年8月4日 	1,164.32 	1,149.62 	1,164.32 	1,149.44 	131.42K 	1.40%
2014年8月1日 	1,148.29 	1,156.43 	1,164.25 	1,146.75 	154.31K 	-1.01%
2014年7月31日 	1,160.01 	1,150.12 	1,160.02 	1,148.07 	133.47K 	0.82%
2014年7月30日 	1,150.56 	1,144.83 	1,151.82 	1,142.91 	142.45K 	0.42%
2014年7月29日 	1,145.74 	1,135.14 	1,149.19 	1,132.94 	150.27K 	1.05%
2014年7月28日 	1,133.83 	1,115.12 	1,134.28 	1,115.12 	151.16K 	2.01%
2014年7月25日 	1,111.52 	1,101.59 	1,111.54 	1,100.96 	108.24K 	0.95%
2014年7月24日 	1,101.09 	1,101.83 	1,106.79 	1,089.89 	125.18K 	-0.15%
2014年7月23日 	1,102.73 	1,114.46 	1,116.16 	1,098.55 	113.74K 	-1.08%
2014年7月22日 	1,114.76 	1,098.74 	1,114.78 	1,098.50 	103.51K 	1.33%
2014年7月21日 	1,100.09 	1,100.88 	1,103.05 	1,095.03 	85.97K 	-0.11%
2014年7月18日 	1,101.26 	1,095.73 	1,107.29 	1,094.48 	89.77K 	0.20%
2014年7月17日 	1,099.05 	1,103.68 	1,104.18 	1,092.39 	91.26K 	-0.56%
2014年7月16日 	1,105.22 	1,115.40 	1,118.45 	1,101.36 	114.62K 	-1.03%
2014年7月15日 	1,116.75 	1,120.26 	1,120.97 	1,110.10 	131.50K 	-0.38%
2014年7月14日 	1,121.05 	1,108.73 	1,121.06 	1,106.35 	119.37K 	1.19%
2014年7月11日 	1,107.82 	1,100.60 	1,110.91 	1,099.89 	107.21K 	0.63%
2014年7月10日 	1,100.86 	1,102.03 	1,107.47 	1,099.36 	103.97K 	-0.14%
2014年7月9日 	1,102.43 	1,119.12 	1,121.98 	1,102.41 	124.35K 	-1.60%
2014年7月8日 	1,120.38 	1,110.91 	1,120.38 	1,103.13 	108.44K 	0.77%
2014年7月7日 	1,111.83 	1,113.84 	1,116.71 	1,106.63 	104.90K 	-0.15%
2014年7月4日 	1,113.55 	1,114.70 	1,116.06 	1,110.71 	113.19K 	-0.03%
2014年7月3日 	1,113.91 	1,106.78 	1,116.78 	1,103.83 	126.29K 	0.63%
2014年7月2日 	1,106.94 	1,102.00 	1,106.94 	1,095.82 	114.34K 	0.47%
2014年7月1日 	1,101.72 	1,097.80 	1,101.72 	1,094.64 	109.96K 	0.45%
2014年6月30日 	1,096.78 	1,087.70 	1,096.78 	1,085.54 	109.71K 	0.90%
2014年6月27日 	1,086.98 	1,080.57 	1,091.68 	1,078.34 	106.77K 	0.62%
2014年6月26日 	1,080.33 	1,064.46 	1,081.31 	1,064.46 	92.22K 	1.51%
2014年6月25日 	1,064.23 	1,067.69 	1,067.69 	1,059.29 	72.40K 	-0.40%
2014年6月24日 	1,068.50 	1,061.40 	1,068.50 	1,061.23 	75.77K 	0.68%
2014年6月23日 	1,061.26 	1,052.03 	1,064.41 	1,052.03 	72.86K 	1.06%
2014年6月20日 	1,050.11 	1,039.87 	1,050.37 	1,038.64 	66.94K 	0.93%
2014年6月19日 	1,040.42 	1,067.89 	1,070.21 	1,034.77 	91.01K 	-2.65%
2014年6月18日 	1,068.72 	1,075.86 	1,077.32 	1,068.26 	86.89K 	-0.66%
2014年6月17日 	1,075.81 	1,085.30 	1,085.30 	1,075.41 	89.70K 	-0.99%
2014年6月16日 	1,086.53 	1,080.22 	1,087.37 	1,080.22 	94.37K 	0.66%
2014年6月13日 	1,079.36 	1,065.33 	1,080.39 	1,064.89 	93.25K 	1.20%
2014年6月12日 	1,066.56 	1,066.76 	1,070.21 	1,063.11 	80.33K 	-0.22%
2014年6月11日 	1,068.93 	1,062.29 	1,069.72 	1,060.92 	79.83K 	0.47%
2014年6月10日 	1,063.88 	1,049.87 	1,063.88 	1,046.04 	75.94K 	1.39%
2014年6月9日 	1,049.31 	1,053.60 	1,058.71 	1,048.78 	66.45K 	-0.59%
2014年6月6日 	1,055.56 	1,058.65 	1,060.81 	1,049.88 	71.82K 	-0.26%
2014年6月5日 	1,058.30 	1,043.24 	1,058.30 	1,042.33 	68.17K 	1.33%
2014年6月4日 	1,044.43 	1,051.65 	1,051.65 	1,035.94 	68.41K 	-0.80%
2014年6月3日 	1,052.88 	1,054.18 	1,059.16 	1,052.74 	68.51K 	-0.08%
2014年5月30日 	1,053.75 	1,050.18 	1,057.01 	1,044.17 	73.73K 	0.30%
2014年5月29日 	1,050.58 	1,063.52 	1,065.79 	1,050.50 	82.32K 	-1.19%
2014年5月28日 	1,063.22 	1,048.70 	1,063.32 	1,047.34 	85.25K 	1.37%
2014年5月27日 	1,048.81 	1,052.02 	1,054.17 	1,047.32 	67.74K 	-0.38%
2014年5月26日 	1,052.80 	1,044.56 	1,052.80 	1,044.56 	73.95K 	1.19%
2014年5月23日 	1,040.46 	1,028.26 	1,040.46 	1,026.47 	63.94K 	1.15%
2014年5月22日 	1,028.68 	1,028.50 	1,040.52 	1,028.35 	71.65K 	0.07%
2014年5月21日 	1,028.00 	1,015.84 	1,028.00 	1,008.46 	55.77K 	0.93%
2014年5月20日 	1,018.50 	1,019.01 	1,028.18 	1,015.85 	57.58K 	0.42%
2014年5月19日 	1,014.19 	1,017.11 	1,017.12 	1,006.54 	53.68K 	-0.51%
2014年5月16日 	1,019.36 	1,020.58 	1,022.65 	1,008.46 	59.08K 	-0.31%
2014年5月15日 	1,022.51 	1,039.14 	1,040.12 	1,021.65 	67.03K 	-1.76%
2014年5月14日 	1,040.81 	1,038.74 	1,043.27 	1,036.60 	65.08K 	0.14%
2014年5月13日 	1,039.38 	1,040.06 	1,044.68 	1,035.96 	76.17K 	-0.11%
2014年5月12日 	1,040.54 	1,023.34 	1,040.56 	1,020.02 	85.71K 	2.25%
2014年5月9日 	1,017.69 	1,025.52 	1,026.31 	1,009.73 	63.88K 	-0.83%
2014年5月8日 	1,026.20 	1,025.09 	1,040.21 	1,023.16 	65.02K 	-0.17%
2014年5月7日 	1,027.99 	1,041.21 	1,041.21 	1,027.61 	65.65K 	-1.55%
2014年5月6日 	1,044.20 	1,035.95 	1,049.65 	1,035.27 	68.63K 	0.69%
2014年5月5日 	1,037.03 	1,025.43 	1,037.03 	1,021.55 	57.69K 	0.92%
2014年4月30日 	1,027.58 	1,019.24 	1,027.95 	1,018.14 	54.81K 	0.76%
2014年4月29日 	1,019.84 	1,004.93 	1,019.84 	1,004.93 	59.59K 	1.25%
2014年4月28日 	1,007.27 	1,032.71 	1,032.71 	1,006.67 	80.40K 	-2.84%
2014年4月25日 	1,036.72 	1,056.12 	1,057.15 	1,036.61 	77.75K 	-1.95%
2014年4月24日 	1,057.31 	1,063.63 	1,065.74 	1,054.28 	67.61K 	-0.72%
2014年4月23日 	1,064.93 	1,065.22 	1,072.15 	1,060.58 	63.80K 	-0.15%
2014年4月22日 	1,066.50 	1,073.06 	1,077.15 	1,051.49 	80.65K 	-0.77%
2014年4月21日 	1,074.78 	1,083.04 	1,092.82 	1,074.17 	80.11K 	-1.34%
2014年4月18日 	1,089.36 	1,083.70 	1,089.68 	1,080.55 	66.05K 	0.29%
2014年4月17日 	1,086.23 	1,086.44 	1,090.59 	1,085.50 	73.04K 	0.11%
2014年4月16日 	1,085.06 	1,083.21 	1,087.50 	1,079.47 	74.85K 	-0.08%
2014年4月15日 	1,085.96 	1,093.47 	1,093.47 	1,084.13 	89.38K 	-0.77%
2014年4月14日 	1,094.41 	1,087.79 	1,094.50 	1,087.54 	81.29K 	0.58%
2014年4月11日 	1,088.10 	1,088.45 	1,090.69 	1,081.98 	87.93K 	-0.42%
2014年4月10日 	1,092.70 	1,089.37 	1,096.86 	1,087.33 	105.83K 	0.44%
2014年4月9日 	1,087.88 	1,079.39 	1,087.89 	1,079.39 	85.70K 	0.90%
2014年4月8日 	1,078.20 	1,062.92 	1,078.20 	1,060.92 	85.95K 	0.95%
2014年4月4日 	1,068.07 	1,053.18 	1,068.07 	1,050.83 	70.48K 	1.18%
2014年4月3日 	1,055.58 	1,055.71 	1,063.55 	1,051.24 	79.71K 	0.04%
2014年4月2日 	1,055.12 	1,057.70 	1,060.88 	1,051.92 	80.69K 	-0.18%
2014年4月1日 	1,057.01 	1,038.67 	1,057.06 	1,038.39 	65.62K 	1.65%
2014年3月31日 	1,039.88 	1,044.09 	1,048.60 	1,033.66 	70.60K 	-0.41%
2014年3月28日 	1,044.14 	1,064.52 	1,066.83 	1,041.46 	102.47K 	-2.17%
2014年3月27日 	1,067.32 	1,087.31 	1,087.31 	1,067.32 	97.88K 	-1.98%
2014年3月26日 	1,088.86 	1,084.70 	1,090.74 	1,084.47 	87.59K 	0.51%
2014年3月25日 	1,083.31 	1,082.23 	1,088.42 	1,077.21 	106.74K 	-0.20%
2014年3月24日 	1,085.48 	1,083.54 	1,088.70 	1,077.98 	110.55K 	0.09%
2014年3月21日 	1,084.50 	1,059.26 	1,085.99 	1,050.20 	107.74K 	1.79%
2014年3月20日 	1,065.43 	1,092.07 	1,098.24 	1,065.43 	103.99K 	-2.65%
2014年3月19日 	1,094.44 	1,097.14 	1,097.14 	1,084.21 	96.80K 	-0.50%
2014年3月18日 	1,099.90 	1,097.15 	1,107.22 	1,096.37 	92.68K 	0.32%
2014年3月17日 	1,096.36 	1,075.64 	1,096.36 	1,075.37 	84.34K 	2.06%
2014年3月14日 	1,074.19 	1,074.22 	1,081.05 	1,066.79 	78.78K 	-0.39%
2014年3月13日 	1,078.35 	1,062.86 	1,078.35 	1,062.86 	81.02K 	1.46%
2014年3月12日 	1,062.79 	1,061.47 	1,072.23 	1,047.02 	91.74K 	-0.14%
2014年3月11日 	1,064.30 	1,060.56 	1,072.03 	1,053.79 	86.12K 	0.02%
2014年3月10日 	1,064.06 	1,093.35 	1,093.35 	1,062.67 	103.87K 	-3.47%
2014年3月7日 	1,102.28 	1,105.09 	1,111.79 	1,097.42 	99.32K 	-0.31%
2014年3月6日 	1,105.69 	1,101.51 	1,108.20 	1,086.48 	102.12K 	0.18%
2014年3月5日 	1,103.67 	1,108.36 	1,111.57 	1,101.72 	101.70K 	-0.24%
2014年3月4日 	1,106.35 	1,105.84 	1,108.38 	1,094.10 	110.22K 	-0.28%
2014年3月3日 	1,109.41 	1,090.57 	1,109.44 	1,088.94 	107.89K 	1.70%
2014年2月28日 	1,090.87 	1,072.96 	1,090.89 	1,063.76 	105.58K 	1.43%
2014年2月27日 	1,075.48 	1,097.33 	1,110.51 	1,074.47 	124.62K 	-1.76%
2014年2月26日 	1,094.73 	1,081.68 	1,094.74 	1,066.24 	115.87K 	0.51%
2014年2月25日 	1,089.22 	1,135.59 	1,142.95 	1,083.23 	154.60K 	-3.96%
2014年2月24日 	1,134.19 	1,130.50 	1,134.19 	1,114.94 	118.03K 	-0.07%
2014年2月21日 	1,135.01 	1,136.94 	1,143.00 	1,125.42 	106.28K 	-0.37%
2014年2月20日 	1,139.27 	1,157.61 	1,159.72 	1,135.69 	137.95K 	-1.55%
2014年2月19日 	1,157.20 	1,154.87 	1,162.05 	1,146.96 	140.51K 	0.14%
2014年2月18日 	1,155.62 	1,160.92 	1,160.92 	1,150.99 	142.31K 	-0.41%
2014年2月17日 	1,160.39 	1,143.15 	1,160.39 	1,142.71 	139.45K 	1.93%
2014年2月14日 	1,138.39 	1,119.07 	1,138.39 	1,117.60 	111.98K 	1.65%
2014年2月13日 	1,119.93 	1,138.06 	1,140.68 	1,119.87 	135.79K 	-1.68%
2014年2月12日 	1,139.04 	1,127.34 	1,139.04 	1,122.15 	128.96K 	1.05%
2014年2月11日 	1,127.22 	1,128.86 	1,133.86 	1,114.56 	139.57K 	-0.07%
2014年2月10日 	1,128.06 	1,102.47 	1,128.44 	1,102.47 	135.04K 	2.67%
2014年2月7日 	1,098.68 	1,075.05 	1,098.68 	1,071.97 	85.08K 	1.61%
2014年1月30日 	1,081.27 	1,087.90 	1,088.64 	1,078.38 	71.98K 	-0.71%
2014年1月29日 	1,089.00 	1,081.12 	1,089.86 	1,080.41 	83.85K 	0.85%
2014年1月28日 	1,079.84 	1,084.00 	1,089.12 	1,070.51 	85.32K 	-0.31%
2014年1月27日 	1,083.21 	1,084.50 	1,093.05 	1,077.55 	109.90K 	-0.58%
2014年1月24日 	1,089.53 	1,073.33 	1,092.47 	1,072.03 	109.23K 	1.31%
2014年1月23日 	1,075.47 	1,067.41 	1,079.60 	1,066.22 	100.80K 	0.79%
2014年1月22日 	1,067.05 	1,043.55 	1,067.06 	1,043.55 	103.70K 	2.35%
2014年1月21日 	1,042.59 	1,026.20 	1,042.59 	1,026.20 	74.27K 	1.52%
2014年1月20日 	1,026.94 	1,034.02 	1,038.79 	1,021.14 	68.43K 	-0.88%
2014年1月17日 	1,036.03 	1,043.54 	1,045.03 	1,035.36 	69.64K 	-0.97%
2014年1月16日 	1,046.17 	1,047.81 	1,053.04 	1,043.40 	79.16K 	-0.11%
2014年1月15日 	1,047.31 	1,039.05 	1,047.31 	1,038.14 	77.97K 	0.74%
2014年1月14日 	1,039.62 	1,019.49 	1,039.63 	1,018.18 	77.44K 	1.98%
2014年1月13日 	1,019.47 	1,021.41 	1,029.84 	1,013.26 	67.90K 	-0.21%
2014年1月10日 	1,021.59 	1,035.14 	1,037.62 	1,018.65 	74.65K 	-1.64%
2014年1月9日 	1,038.62 	1,051.28 	1,060.89 	1,038.48 	88.91K 	-1.44%
2014年1月8日 	1,053.77 	1,046.46 	1,059.22 	1,046.23 	86.22K 	0.87%
2014年1月7日 	1,044.67 	1,032.75 	1,044.67 	1,030.79 	70.83K 	0.61%
2014年1月6日 	1,038.34 	1,063.49 	1,063.49 	1,037.62 	90.29K 	-2.57%
2014年1月3日 	1,065.69 	1,065.78 	1,069.07 	1,060.38 	88.76K 	-0.23%
2014年1月2日 	1,068.10 	1,055.88 	1,068.10 	1,054.19 	76.52K 	0.99%
2013年12月31日 	1,057.66 	1,050.38 	1,057.66 	1,045.43 	74.87K 	0.33%
2013年12月30日 	1,054.22 	1,054.38 	1,057.61 	1,050.27 	79.61K 	0.32%
2013年12月27日 	1,050.85 	1,031.46 	1,053.85 	1,031.46 	78.14K 	1.77%
2013年12月26日 	1,032.60 	1,050.16 	1,051.05 	1,032.30 	76.66K 	-1.75%
2013年12月25日 	1,050.99 	1,035.53 	1,050.99 	1,032.97 	70.16K 	1.57%
2013年12月24日 	1,034.79 	1,026.79 	1,042.14 	1,025.57 	63.71K 	0.90%
2013年12月23日 	1,025.58 	1,026.11 	1,028.81 	1,010.08 	61.03K 	-0.06%
2013年12月20日 	1,026.23 	1,040.19 	1,043.27 	1,022.92 	69.08K 	-1.31%
2013年12月19日 	1,039.90 	1,048.40 	1,053.34 	1,039.56 	65.47K 	-0.66%
2013年12月18日 	1,046.84 	1,047.80 	1,051.89 	1,042.46 	62.34K 	-0.06%
2013年12月17日 	1,047.49 	1,053.89 	1,055.81 	1,043.40 	71.01K 	-0.68%
2013年12月16日 	1,054.69 	1,068.86 	1,069.40 	1,052.39 	86.79K 	-1.26%
2013年12月13日 	1,068.19 	1,058.14 	1,070.77 	1,055.43 	77.69K 	0.39%
2013年12月12日 	1,064.05 	1,054.73 	1,069.19 	1,054.60 	77.42K 	0.69%
2013年12月11日 	1,056.78 	1,062.69 	1,062.91 	1,049.52 	85.88K 	-0.90%
2013年12月10日 	1,066.35 	1,067.69 	1,069.95 	1,059.97 	92.84K 	-0.04%
2013年12月9日 	1,066.73 	1,058.52 	1,066.73 	1,058.52 	82.77K 	1.03%
2013年12月6日 	1,055.87 	1,055.86 	1,060.34 	1,051.81 	86.01K 	-0.20%
2013年12月5日 	1,058.01 	1,062.82 	1,066.34 	1,055.70 	102.50K 	-0.56%
2013年12月4日 	1,064.02 	1,051.33 	1,073.91 	1,050.07 	117.34K 	1.02%
2013年12月3日 	1,053.29 	1,025.41 	1,055.16 	1,023.47 	95.79K 	1.71%
2013年12月2日 	1,035.54 	1,061.80 	1,072.00 	1,031.46 	135.85K 	-4.96%
2013年11月29日 	1,089.60 	1,079.89 	1,090.52 	1,079.89 	103.87K 	0.90%
2013年11月28日 	1,079.88 	1,070.92 	1,085.91 	1,070.88 	113.00K 	0.99%
2013年11月27日 	1,069.26 	1,053.76 	1,069.32 	1,053.15 	97.15K 	1.39%
2013年11月26日 	1,054.65 	1,050.75 	1,057.75 	1,047.78 	86.27K 	0.23%
2013年11月25日 	1,052.19 	1,049.16 	1,060.21 	1,046.70 	90.86K 	-0.05%
2013年11月22日 	1,052.71 	1,056.69 	1,059.64 	1,050.06 	98.83K 	-0.30%
2013年11月21日 	1,055.92 	1,056.83 	1,058.16 	1,047.48 	108.75K 	-0.46%
2013年11月20日 	1,060.79 	1,057.23 	1,060.80 	1,050.40 	98.73K 	0.64%
2013年11月19日 	1,054.05 	1,052.94 	1,057.23 	1,048.40 	102.83K 	0.18%
2013年11月18日 	1,052.13 	1,034.96 	1,052.13 	1,034.15 	111.51K 	2.18%
2013年11月15日 	1,029.71 	1,011.60 	1,038.62 	1,011.60 	100.56K 	1.84%
2013年11月14日 	1,011.11 	995.24 	1,011.12 	988.48 	73.98K 	1.48%
2013年11月13日 	996.37 	1,011.24 	1,011.24 	996.29 	69.78K 	-1.76%
2013年11月12日 	1,014.19 	1,005.24 	1,014.65 	1,002.36 	67.99K 	0.92%
2013年11月11日 	1,004.94 	996.54 	1,008.69 	990.39 	59.16K 	0.71%
2013年11月8日 	997.88 	1,006.20 	1,009.73 	994.61 	69.88K 	-1.32%
2013年11月7日 	1,011.25 	1,020.55 	1,023.00 	1,008.09 	73.65K 	-1.23%
2013年11月6日 	1,023.86 	1,031.76 	1,040.25 	1,023.86 	91.65K 	-1.04%
2013年11月5日 	1,034.61 	1,017.88 	1,034.62 	1,009.82 	80.21K 	1.29%
2013年11月4日 	1,021.47 	1,018.25 	1,027.03 	1,017.69 	65.69K 	0.44%
2013年11月1日 	1,016.97 	1,017.53 	1,021.87 	1,006.27 	73.95K 	-0.40%
2013年10月31日 	1,021.04 	1,032.77 	1,032.79 	1,019.96 	92.13K 	-1.37%
2013年10月30日 	1,035.20 	1,016.83 	1,035.23 	1,015.47 	91.54K 	1.59%
2013年10月29日 	1,019.04 	1,037.06 	1,045.94 	993.23 	122.85K 	-1.81%
2013年10月28日 	1,037.85 	1,038.95 	1,041.23 	1,031.46 	83.32K 	-0.20%
2013年10月25日 	1,039.94 	1,059.60 	1,064.65 	1,033.63 	96.61K 	-1.78%
2013年10月24日 	1,058.78 	1,062.38 	1,067.61 	1,056.80 	84.82K 	-0.60%
2013年10月23日 	1,065.22 	1,087.68 	1,090.28 	1,059.96 	124.66K 	-2.14%
2013年10月22日 	1,088.55 	1,101.58 	1,106.27 	1,086.37 	137.93K 	-1.18%
2013年10月21日 	1,101.59 	1,076.42 	1,101.59 	1,076.42 	120.40K 	2.56%
2013年10月18日 	1,074.12 	1,066.55 	1,076.12 	1,064.62 	89.32K 	0.71%
2013年10月17日 	1,066.53 	1,070.29 	1,079.22 	1,063.79 	110.37K 	0.02%
2013年10月16日 	1,066.33 	1,091.50 	1,091.50 	1,061.43 	125.20K 	-2.58%
2013年10月15日 	1,094.58 	1,097.98 	1,098.87 	1,086.87 	129.37K 	-0.23%
2013年10月14日 	1,097.06 	1,088.28 	1,098.22 	1,085.96 	129.41K 	0.88%
2013年10月11日 	1,087.44 	1,079.45 	1,087.80 	1,077.35 	119.94K 	0.98%
2013年10月10日 	1,076.85 	1,085.77 	1,086.67 	1,073.28 	123.48K 	-0.74%
2013年10月9日 	1,084.88 	1,072.31 	1,084.88 	1,069.42 	106.24K 	0.94%
2013年10月8日 	1,074.80 	1,057.43 	1,075.09 	1,055.07 	101.31K 	1.73%
2013年9月30日 	1,056.55 	1,046.05 	1,056.55 	1,046.05 	74.99K 	1.23%
2013年9月27日 	1,043.74 	1,039.97 	1,047.65 	1,039.95 	83.03K 	0.37%
2013年9月26日 	1,039.86 	1,051.79 	1,054.70 	1,039.32 	103.17K 	-1.35%
2013年9月25日 	1,054.07 	1,058.51 	1,062.45 	1,052.43 	114.01K 	-0.54%
2013年9月24日 	1,059.81 	1,059.59 	1,061.73 	1,048.94 	112.96K 	0.01%
2013年9月23日 	1,059.74 	1,038.81 	1,059.74 	1,038.81 	100.42K 	2.24%
2013年9月18日 	1,036.51 	1,028.96 	1,036.52 	1,026.05 	79.72K 	0.61%
2013年9月17日 	1,030.25 	1,045.11 	1,045.11 	1,030.03 	98.14K 	-1.43%
2013年9月16日 	1,045.24 	1,042.95 	1,049.92 	1,041.53 	98.88K 	0.36%
2013年9月13日 	1,041.49 	1,035.05 	1,043.38 	1,032.62 	102.85K 	0.63%
2013年9月12日 	1,035.00 	1,031.48 	1,038.73 	1,030.01 	111.95K 	0.05%
2013年9月11日 	1,034.52 	1,044.30 	1,044.79 	1,029.47 	151.00K 	-0.96%
2013年9月10日 	1,044.58 	1,040.75 	1,044.58 	1,034.80 	129.29K 	0.45%
2013年9月9日 	1,039.91 	1,033.36 	1,040.77 	1,031.17 	123.28K 	0.89%
2013年9月6日 	1,030.76 	1,024.32 	1,031.70 	1,023.21 	94.50K 	0.48%
2013年9月5日 	1,025.83 	1,023.21 	1,028.22 	1,020.24 	98.24K 	0.20%
2013年9月4日 	1,023.81 	1,023.51 	1,027.45 	1,020.09 	104.54K 	0.00%
2013年9月3日 	1,023.79 	1,009.32 	1,023.80 	1,008.49 	101.70K 	1.56%
2013年9月2日 	1,008.04 	995.67 	1,008.18 	991.93 	94.86K 	1.14%
2013年8月30日 	996.70 	1,013.10 	1,017.40 	992.61 	122.68K 	-1.75%
2013年8月29日 	1,014.44 	1,016.85 	1,020.16 	1,008.96 	99.77K 	-0.18%
2013年8月28日 	1,016.26 	1,023.03 	1,026.18 	1,014.63 	116.80K 	-1.28%
2013年8月27日 	1,029.45 	1,023.15 	1,029.45 	1,018.29 	99.42K 	0.57%
2013年8月26日 	1,023.59 	1,006.30 	1,023.59 	1,006.30 	98.92K 	1.86%
2013年8月23日 	1,004.93 	1,008.89 	1,012.70 	986.39 	107.92K 	-0.17%
2013年8月22日 	1,006.69 	1,002.32 	1,010.47 	1,001.03 	94.46K 	0.28%
2013年8月21日 	1,003.83 	999.16 	1,003.83 	993.48 	88.77K 	0.50%
2013年8月20日 	998.84 	998.28 	1,007.95 	993.51 	92.02K 	-0.05%
2013年8月19日 	999.29 	974.32 	999.32 	973.21 	84.84K 	1.90%
2013年8月16日 	980.61 	996.23 	1,014.91 	979.76 	115.66K 	-2.04%
2013年8月15日 	1,001.05 	1,011.73 	1,014.82 	1,000.74 	92.30K 	-1.16%
2013年8月14日 	1,012.80 	1,015.28 	1,019.80 	1,008.80 	107.98K 	-0.21%
2013年8月13日 	1,014.97 	1,009.07 	1,014.97 	1,005.01 	102.60K 	0.58%
2013年8月12日 	1,009.13 	999.30 	1,009.13 	998.67 	113.93K 	1.28%
2013年8月9日 	996.42 	996.92 	1,003.99 	983.96 	95.43K 	0.18%
2013年8月8日 	994.64 	988.74 	1,000.94 	987.45 	87.48K 	0.39%
2013年8月7日 	990.78 	1,002.04 	1,005.19 	989.23 	110.04K 	-1.16%
2013年8月6日 	1,002.37 	990.82 	1,004.89 	988.10 	109.36K 	1.09%
2013年8月5日 	991.54 	975.44 	991.54 	974.82 	91.13K 	1.65%
2013年8月2日 	975.40 	976.88 	985.97 	974.71 	104.28K 	0.38%
2013年8月1日 	971.71 	945.42 	971.71 	944.92 	96.86K 	3.05%
2013年7月31日 	942.97 	944.40 	951.87 	939.98 	75.69K 	0.44%
2013年7月30日 	938.87 	942.13 	947.66 	922.35 	81.23K 	-0.26%
2013年7月29日 	941.33 	954.87 	956.39 	939.78 	83.23K 	-1.94%
2013年7月26日 	959.99 	957.78 	965.75 	946.53 	85.04K 	-0.19%
2013年7月25日 	961.82 	981.24 	984.28 	958.75 	108.31K 	-1.95%
2013年7月24日 	980.97 	972.52 	983.14 	964.25 	112.47K 	0.67%
2013年7月23日 	974.43 	950.85 	974.43 	950.85 	109.19K 	2.76%
2013年7月22日 	948.27 	925.48 	948.27 	921.70 	83.02K 	1.78%
2013年7月19日 	931.65 	952.52 	961.66 	931.65 	106.38K 	-2.20%
2013年7月18日 	952.61 	953.31 	960.65 	944.98 	89.90K 	-0.41%
2013年7月17日 	956.50 	968.80 	974.64 	952.69 	101.25K 	-1.53%
2013年7月16日 	971.40 	961.69 	971.40 	956.16 	101.54K 	1.04%
2013年7月15日 	961.41 	943.38 	961.82 	943.38 	98.59K 	2.26%
2013年7月12日 	940.19 	944.92 	956.65 	939.74 	102.34K 	-0.54%
2013年7月11日 	945.25 	919.76 	952.89 	919.59 	120.86K 	2.92%
2013年7月10日 	918.40 	892.94 	918.40 	891.92 	80.29K 	2.85%
2013年7月9日 	892.92 	887.95 	895.10 	882.59 	58.00K 	0.38%
2013年7月8日 	889.53 	908.75 	911.48 	888.59 	78.38K 	-3.57%
2013年7月5日 	922.44 	929.91 	938.98 	922.44 	85.52K 	-0.66%
2013年7月4日 	928.58 	917.09 	939.60 	912.18 	95.61K 	0.60%
2013年7月3日 	923.08 	919.30 	925.36 	903.33 	87.82K 	0.09%
2013年7月2日 	922.23 	907.21 	922.86 	905.73 	83.92K 	1.74%
2013年7月1日 	906.43 	884.98 	906.43 	881.83 	70.65K 	2.11%
2013年6月28日 	887.68 	880.86 	905.76 	872.24 	79.75K 	0.09%
2013年6月27日 	886.91 	903.49 	915.96 	886.66 	95.16K 	-1.64%
2013年6月26日 	901.72 	881.35 	901.72 	875.53 	91.42K 	2.48%
2013年6月25日 	879.93 	871.28 	883.53 	815.89 	109.39K 	-0.22%
2013年6月24日 	881.87 	936.76 	936.76 	874.35 	89.35K 	-6.10%
2013年6月21日 	939.16 	924.79 	944.39 	913.39 	70.31K 	-0.31%
2013年6月20日 	942.06 	969.44 	970.46 	941.72 	69.98K 	-3.39%
2013年6月19日 	975.07 	974.88 	975.49 	959.50 	71.59K 	-0.45%
2013年6月18日 	979.43 	978.33 	981.85 	966.69 	69.14K 	0.18%
2013年6月17日 	977.66 	977.60 	985.39 	971.03 	76.43K 	0.21%
2013年6月14日 	975.65 	956.80 	977.09 	956.80 	73.41K 	2.13%
2013年6月13日 	955.26 	971.01 	971.01 	936.64 	78.08K 	-2.87%
2013年6月7日 	983.46 	999.43 	1,004.48 	977.95 	82.42K 	-1.54%
2013年6月6日 	998.88 	1,009.72 	1,011.91 	998.15 	77.54K 	-1.35%
2013年6月5日 	1,012.60 	1,006.38 	1,014.07 	1,003.54 	70.78K 	0.55%
2013年6月4日 	1,007.09 	1,026.59 	1,026.59 	999.57 	99.18K 	-1.99%
2013年6月3日 	1,027.59 	1,034.80 	1,039.18 	1,025.20 	94.17K 	-0.79%
2013年5月31日 	1,035.80 	1,044.44 	1,047.07 	1,035.78 	102.51K 	-0.74%
2013年5月30日 	1,043.47 	1,040.09 	1,045.54 	1,037.46 	104.61K 	0.08%
2013年5月29日 	1,042.60 	1,037.52 	1,044.27 	1,036.86 	108.96K 	0.60%
2013年5月28日 	1,036.41 	1,037.20 	1,038.56 	1,022.33 	113.74K 	-0.08%
2013年5月27日 	1,037.19 	1,029.62 	1,037.19 	1,028.68 	105.98K 	0.77%
2013年5月24日 	1,029.30 	1,015.12 	1,029.30 	1,015.12 	95.16K 	1.46%
2013年5月23日 	1,014.47 	1,017.03 	1,030.34 	1,011.58 	115.93K 	-0.68%
2013年5月22日 	1,021.40 	1,029.39 	1,032.65 	1,016.63 	120.58K 	-0.91%
2013年5月21日 	1,030.74 	1,016.13 	1,030.74 	1,015.07 	124.57K 	1.36%
2013年5月20日 	1,016.91 	1,004.92 	1,018.30 	1,003.41 	124.59K 	1.43%
2013年5月17日 	1,002.54 	985.49 	1,003.76 	985.05 	109.63K 	1.65%
2013年5月16日 	986.27 	974.48 	990.61 	971.53 	104.01K 	1.09%
2013年5月15日 	975.65 	960.91 	975.65 	960.91 	75.62K 	1.54%
2013年5月14日 	960.81 	973.29 	973.29 	955.03 	78.47K 	-1.37%
2013年5月13日 	974.20 	971.69 	974.40 	967.20 	81.01K 	0.29%
2013年5月10日 	971.36 	965.40 	973.24 	961.78 	84.49K 	0.38%
2013年5月9日 	967.69 	964.77 	968.17 	957.12 	92.56K 	0.24%
2013年5月8日 	965.41 	957.60 	965.41 	956.13 	83.58K 	1.06%
2013年5月7日 	955.33 	952.26 	958.96 	948.34 	75.81K 	0.14%
2013年5月6日 	953.98 	938.67 	955.10 	938.67 	81.69K 	1.86%
2013年5月3日 	936.58 	920.63 	940.92 	920.63 	73.04K 	1.97%
2013年5月2日 	918.48 	908.49 	918.54 	905.71 	53.07K 	0.64%
2013年4月26日 	912.62 	927.90 	930.97 	911.17 	67.01K 	-1.64%
2013年4月25日 	927.80 	941.33 	947.21 	927.80 	87.65K 	-1.69%
2013年4月24日 	943.78 	923.07 	945.87 	921.71 	80.16K 	2.20%
2013年4月23日 	923.42 	949.04 	949.04 	922.43 	78.82K 	-2.71%
2013年4月22日 	949.10 	940.16 	949.10 	939.52 	81.17K 	0.60%
2013年4月19日 	943.42 	924.07 	945.64 	924.07 	78.20K 	2.20%
2013年4月18日 	923.14 	915.44 	927.38 	912.90 	54.58K 	0.36%
2013年4月17日 	919.87 	909.81 	919.93 	909.51 	51.65K 	1.09%
2013年4月16日 	909.95 	892.85 	910.06 	890.46 	52.42K 	1.05%
2013年4月15日 	900.46 	909.72 	910.17 	897.62 	51.18K 	-1.34%
2013年4月12日 	912.65 	917.95 	923.12 	911.79 	51.25K 	-0.70%
2013年4月11日 	919.12 	924.67 	927.18 	918.60 	53.52K 	-0.30%
2013年4月10日 	921.86 	925.68 	928.24 	914.51 	58.42K 	-0.47%
2013年4月9日 	926.22 	919.25 	928.82 	919.25 	60.76K 	0.84%
2013年4月8日 	918.50 	901.17 	918.50 	892.48 	64.96K 	0.57%
2013年4月3日 	913.32 	922.20 	924.81 	909.80 	62.93K 	-0.88%
2013年4月2日 	921.41 	934.15 	943.41 	919.76 	69.32K 	-1.32%
2013年4月1日 	933.69 	927.21 	937.09 	926.40 	59.30K 	0.63%
2013年3月29日 	927.89 	930.72 	934.50 	925.01 	56.34K 	-0.24%
2013年3月28日 	930.14 	947.89 	947.89 	929.95 	76.95K 	-2.63%
2013年3月27日 	955.24 	953.06 	963.05 	948.93 	67.14K 	0.20%
2013年3月26日 	953.36 	956.95 	957.90 	942.51 	71.23K 	-0.68%
2013年3月25日 	959.93 	962.03 	964.80 	954.32 	71.09K 	-0.09%
2013年3月22日 	960.84 	957.25 	962.59 	954.22 	73.58K 	0.26%
2013年3月21日 	958.39 	950.03 	961.78 	949.20 	83.93K 	0.90%
2013年3月20日 	949.82 	924.53 	949.82 	924.40 	79.93K 	2.74%
2013年3月19日 	924.53 	922.80 	927.50 	910.93 	62.01K 	0.21%
2013年3月18日 	922.57 	930.06 	936.00 	921.60 	61.84K 	-1.15%
2013年3月15日 	933.30 	930.44 	948.39 	920.96 	72.50K 	0.29%
2013年3月14日 	930.60 	924.31 	935.28 	923.31 	54.24K 	0.38%
2013年3月13日 	927.08 	933.20 	933.43 	917.98 	65.58K 	-0.89%
2013年3月12日 	935.38 	957.76 	964.02 	924.56 	89.42K 	-2.40%
2013年3月11日 	958.43 	956.49 	963.10 	950.06 	66.95K 	0.02%
2013年3月8日 	958.23 	968.32 	972.18 	957.47 	78.69K 	-1.04%
2013年3月7日 	968.34 	977.61 	980.10 	958.72 	114.39K 	-1.11%
2013年3月6日 	979.19 	967.53 	979.33 	967.53 	118.24K 	1.50%
2013年3月5日 	964.68 	941.83 	964.71 	938.55 	93.78K 	2.32%
2013年3月4日 	942.79 	966.42 	966.53 	936.79 	122.56K 	-3.54%
2013年3月1日 	977.36 	966.21 	977.36 	964.31 	95.64K 	1.13%
2013年2月28日 	966.42 	948.56 	966.42 	944.75 	89.59K 	2.17%
2013年2月27日 	945.86 	945.00 	953.53 	938.06 	73.44K 	0.27%
2013年2月26日 	943.33 	951.92 	961.17 	942.59 	86.08K 	-1.30%
2013年2月25日 	955.79 	949.07 	958.27 	948.21 	69.50K 	0.85%
2013年2月22日 	947.69 	948.35 	957.22 	946.49 	73.21K 	-0.24%
2013年2月21日 	950.01 	963.16 	963.16 	941.35 	103.90K 	-2.00%
2013年2月20日 	969.38 	950.81 	969.38 	950.23 	84.05K 	1.86%
2013年2月19日 	951.71 	969.46 	970.04 	948.33 	90.26K 	-1.89%
2013年2月18日 	970.09 	973.84 	975.39 	964.18 	85.80K 	0.06%
2013年2月8日 	969.52 	956.04 	973.65 	956.04 	75.62K 	1.34%
2013年2月7日 	956.73 	950.96 	958.39 	947.18 	71.83K 	0.55%
2013年2月6日 	951.52 	947.16 	954.58 	947.16 	75.02K 	0.48%
2013年2月5日 	947.00 	931.53 	947.60 	929.73 	86.69K 	1.20%
2013年2月4日 	935.80 	945.81 	947.77 	931.94 	102.61K 	-0.90%
2013年2月1日 	944.28 	934.08 	944.28 	932.34 	90.97K 	0.86%
2013年1月31日 	936.21 	942.16 	942.78 	932.13 	89.56K 	-0.68%
2013年1月30日 	942.60 	941.26 	944.16 	934.37 	97.67K 	0.14%
2013年1月29日 	941.28 	933.58 	943.35 	932.41 	96.01K 	0.93%
2013年1月28日 	932.61 	909.63 	932.61 	909.63 	84.58K 	2.54%
2013年1月25日 	909.51 	910.05 	914.92 	906.12 	68.51K 	-0.22%
2013年1月24日 	911.53 	930.04 	940.78 	904.68 	110.03K 	-2.03%
2013年1月23日 	930.40 	926.04 	932.24 	918.06 	87.26K 	0.16%
2013年1月22日 	928.90 	942.75 	942.75 	921.72 	108.62K 	-1.44%
2013年1月21日 	942.50 	938.82 	942.50 	934.09 	101.13K 	0.73%
2013年1月18日 	935.70 	924.46 	937.28 	920.03 	95.63K 	1.52%
2013年1月17日 	921.70 	928.28 	930.98 	918.17 	89.39K 	-0.86%
2013年1月16日 	929.73 	931.44 	935.85 	915.68 	119.16K 	-0.30%
2013年1月15日 	932.55 	919.45 	935.89 	919.44 	130.78K 	1.55%
2013年1月14日 	918.33 	884.41 	919.28 	884.06 	111.36K 	3.63%
2013年1月11日 	886.13 	903.28 	905.43 	883.94 	99.46K 	-1.78%
2013年1月10日 	902.19 	897.22 	906.85 	895.86 	90.07K 	0.49%
2013年1月9日 	897.81 	893.57 	903.74 	889.45 	102.93K 	0.30%
2013年1月8日 	895.15 	885.55 	898.05 	880.58 	102.20K 	1.09%
2013年1月7日 	885.49 	876.12 	885.49 	873.51 	84.88K 	0.88%
2013年1月4日 	877.76 	887.36 	889.09 	868.48 	90.80K 	-0.39%
2012年12月31日 	881.17 	874.56 	881.17 	871.76 	84.53K 	0.94%
2012年12月28日 	872.96 	862.20 	872.96 	859.29 	80.10K 	1.18%
2012年12月27日 	862.82 	871.32 	875.75 	861.96 	96.74K 	-0.75%
